signal_id,target
8712,0
8713,0
8714,0
8715,0
8716,0
8717,0
8718,0
8719,0
8720,0
8721,0
8722,0
8723,0
8724,0
8725,0
8726,0
8727,0
8728,0
8729,0
8730,0
8731,0
8732,0
8733,0
8734,0
8735,0
8736,0
8737,1
8738,0
8739,0
8740,0
8741,0
8742,0
8743,0
8744,0
8745,0
8746,0
8747,0
8748,1
8749,1
8750,1
8751,0
8752,0
8753,0
8754,1
8755,1
8756,1
8757,0
8758,0
8759,0
8760,0
8761,0
8762,0
8763,0
8764,0
8765,0
8766,0
8767,0
8768,0
8769,0
8770,0
8771,0
8772,0
8773,0
8774,0
8775,0
8776,0
8777,0
8778,0
8779,0
8780,0
8781,0
8782,0
8783,0
8784,0
8785,0
8786,0
8787,0
8788,0
8789,0
8790,0
8791,0
8792,0
8793,0
8794,0
8795,0
8796,0
8797,0
8798,0
8799,0
8800,0
8801,0
8802,0
8803,0
8804,0
8805,0
8806,0
8807,0
8808,0
8809,0
8810,0
8811,0
8812,0
8813,0
8814,0
8815,0
8816,0
8817,0
8818,0
8819,0
8820,0
8821,0
8822,0
8823,0
8824,0
8825,0
8826,0
8827,0
8828,0
8829,0
8830,1
8831,0
8832,0
8833,0
8834,0
8835,0
8836,0
8837,0
8838,0
8839,0
8840,0
8841,0
8842,0
8843,0
8844,0
8845,0
8846,0
8847,0
8848,0
8849,0
8850,0
8851,0
8852,0
8853,0
8854,0
8855,0
8856,0
8857,0
8858,0
8859,0
8860,0
8861,0
8862,0
8863,0
8864,0
8865,0
8866,0
8867,0
8868,0
8869,0
8870,0
8871,0
8872,0
8873,0
8874,0
8875,0
8876,0
8877,0
8878,0
8879,0
8880,0
8881,0
8882,0
8883,0
8884,0
8885,0
8886,0
8887,0
8888,0
8889,0
8890,0
8891,0
8892,0
8893,0
8894,0
8895,0
8896,0
8897,0
8898,0
8899,0
8900,0
8901,1
8902,1
8903,1
8904,0
8905,0
8906,0
8907,0
8908,1
8909,0
8910,0
8911,0
8912,0
8913,0
8914,0
8915,0
8916,0
8917,0
8918,0
8919,0
8920,0
8921,0
8922,0
8923,0
8924,0
8925,0
8926,0
8927,0
8928,0
8929,0
8930,0
8931,0
8932,0
8933,0
8934,0
8935,1
8936,0
8937,0
8938,0
8939,0
8940,0
8941,0
8942,0
8943,0
8944,0
8945,0
8946,0
8947,0
8948,0
8949,0
8950,0
8951,0
8952,0
8953,0
8954,0
8955,0
8956,0
8957,0
8958,0
8959,0
8960,0
8961,0
8962,0
8963,0
8964,0
8965,0
8966,0
8967,0
8968,0
8969,0
8970,0
8971,0
8972,0
8973,0
8974,0
8975,0
8976,0
8977,0
8978,0
8979,0
8980,0
8981,0
8982,1
8983,1
8984,1
8985,0
8986,0
8987,0
8988,0
8989,0
8990,0
8991,0
8992,0
8993,0
8994,0
8995,0
8996,0
8997,1
8998,1
8999,1
9000,0
9001,0
9002,0
9003,0
9004,0
9005,0
9006,0
9007,0
9008,0
9009,0
9010,0
9011,0
9012,0
9013,0
9014,0
9015,0
9016,0
9017,0
9018,0
9019,0
9020,0
9021,0
9022,0
9023,0
9024,0
9025,0
9026,0
9027,0
9028,0
9029,0
9030,0
9031,0
9032,0
9033,0
9034,0
9035,0
9036,0
9037,0
9038,0
9039,0
9040,0
9041,0
9042,0
9043,0
9044,0
9045,0
9046,0
9047,0
9048,0
9049,0
9050,0
9051,0
9052,0
9053,0
9054,0
9055,0
9056,0
9057,0
9058,0
9059,0
9060,0
9061,0
9062,0
9063,0
9064,0
9065,0
9066,0
9067,0
9068,0
9069,0
9070,0
9071,0
9072,0
9073,0
9074,0
9075,0
9076,0
9077,0
9078,0
9079,0
9080,0
9081,0
9082,0
9083,0
9084,0
9085,0
9086,0
9087,0
9088,0
9089,0
9090,0
9091,0
9092,0
9093,0
9094,0
9095,0
9096,0
9097,0
9098,0
9099,0
9100,0
9101,0
9102,0
9103,0
9104,0
9105,0
9106,0
9107,0
9108,0
9109,0
9110,0
9111,0
9112,0
9113,0
9114,0
9115,0
9116,0
9117,0
9118,0
9119,0
9120,0
9121,0
9122,0
9123,0
9124,0
9125,0
9126,0
9127,0
9128,0
9129,0
9130,0
9131,0
9132,0
9133,0
9134,0
9135,0
9136,0
9137,0
9138,0
9139,0
9140,0
9141,0
9142,0
9143,0
9144,0
9145,0
9146,0
9147,0
9148,0
9149,0
9150,0
9151,0
9152,0
9153,0
9154,0
9155,0
9156,0
9157,0
9158,0
9159,0
9160,0
9161,0
9162,0
9163,0
9164,0
9165,0
9166,0
9167,1
9168,0
9169,0
9170,0
9171,0
9172,0
9173,0
9174,0
9175,0
9176,0
9177,0
9178,0
9179,0
9180,0
9181,0
9182,0
9183,0
9184,0
9185,0
9186,0
9187,0
9188,0
9189,1
9190,0
9191,0
9192,0
9193,0
9194,0
9195,0
9196,0
9197,0
9198,0
9199,0
9200,0
9201,0
9202,1
9203,0
9204,0
9205,0
9206,0
9207,0
9208,0
9209,0
9210,0
9211,0
9212,0
9213,0
9214,0
9215,0
9216,0
9217,0
9218,0
9219,0
9220,0
9221,0
9222,0
9223,0
9224,0
9225,0
9226,0
9227,0
9228,1
9229,1
9230,1
9231,0
9232,0
9233,0
9234,0
9235,0
9236,0
9237,0
9238,0
9239,0
9240,0
9241,0
9242,0
9243,0
9244,0
9245,0
9246,0
9247,0
9248,0
9249,0
9250,0
9251,0
9252,0
9253,0
9254,0
9255,0
9256,0
9257,0
9258,1
9259,1
9260,1
9261,0
9262,0
9263,0
9264,0
9265,0
9266,0
9267,0
9268,0
9269,0
9270,0
9271,0
9272,0
9273,0
9274,0
9275,0
9276,0
9277,0
9278,0
9279,0
9280,0
9281,0
9282,0
9283,0
9284,0
9285,0
9286,0
9287,0
9288,0
9289,0
9290,0
9291,0
9292,0
9293,0
9294,0
9295,0
9296,0
9297,0
9298,0
9299,0
9300,0
9301,0
9302,0
9303,0
9304,0
9305,0
9306,0
9307,0
9308,0
9309,0
9310,0
9311,0
9312,0
9313,0
9314,0
9315,0
9316,0
9317,0
9318,0
9319,0
9320,0
9321,0
9322,0
9323,0
9324,0
9325,0
9326,0
9327,0
9328,0
9329,0
9330,0
9331,0
9332,0
9333,0
9334,0
9335,0
9336,0
9337,0
9338,1
9339,0
9340,0
9341,0
9342,0
9343,0
9344,0
9345,0
9346,0
9347,0
9348,0
9349,0
9350,0
9351,0
9352,0
9353,0
9354,0
9355,0
9356,0
9357,0
9358,0
9359,0
9360,0
9361,0
9362,0
9363,0
9364,0
9365,0
9366,0
9367,0
9368,0
9369,0
9370,0
9371,0
9372,0
9373,0
9374,0
9375,0
9376,0
9377,0
9378,0
9379,0
9380,0
9381,0
9382,0
9383,0
9384,0
9385,0
9386,0
9387,0
9388,0
9389,0
9390,0
9391,0
9392,0
9393,0
9394,0
9395,0
9396,0
9397,0
9398,0
9399,0
9400,0
9401,0
9402,0
9403,0
9404,0
9405,0
9406,0
9407,0
9408,0
9409,0
9410,0
9411,0
9412,0
9413,0
9414,0
9415,0
9416,0
9417,0
9418,0
9419,0
9420,0
9421,0
9422,1
9423,1
9424,1
9425,1
9426,0
9427,0
9428,0
9429,0
9430,0
9431,0
9432,0
9433,0
9434,0
9435,0
9436,0
9437,0
9438,0
9439,0
9440,0
9441,0
9442,0
9443,0
9444,0
9445,0
9446,0
9447,0
9448,0
9449,0
9450,0
9451,0
9452,0
9453,0
9454,0
9455,0
9456,0
9457,0
9458,0
9459,0
9460,0
9461,0
9462,0
9463,0
9464,0
9465,0
9466,0
9467,0
9468,0
9469,0
9470,0
9471,0
9472,0
9473,0
9474,0
9475,0
9476,0
9477,0
9478,0
9479,0
9480,0
9481,0
9482,0
9483,0
9484,0
9485,0
9486,0
9487,0
9488,0
9489,0
9490,0
9491,0
9492,0
9493,1
9494,0
9495,0
9496,0
9497,0
9498,0
9499,0
9500,0
9501,0
9502,0
9503,0
9504,0
9505,0
9506,0
9507,0
9508,0
9509,0
9510,0
9511,0
9512,0
9513,0
9514,0
9515,0
9516,0
9517,0
9518,0
9519,0
9520,0
9521,0
9522,0
9523,0
9524,0
9525,0
9526,0
9527,0
9528,0
9529,0
9530,0
9531,0
9532,0
9533,0
9534,0
9535,0
9536,0
9537,0
9538,0
9539,0
9540,0
9541,0
9542,0
9543,0
9544,0
9545,0
9546,0
9547,0
9548,0
9549,0
9550,0
9551,0
9552,0
9553,0
9554,0
9555,0
9556,0
9557,0
9558,0
9559,0
9560,0
9561,0
9562,0
9563,0
9564,0
9565,0
9566,0
9567,0
9568,0
9569,0
9570,0
9571,0
9572,0
9573,0
9574,0
9575,0
9576,0
9577,0
9578,0
9579,0
9580,0
9581,0
9582,0
9583,0
9584,0
9585,0
9586,0
9587,0
9588,0
9589,0
9590,0
9591,0
9592,0
9593,0
9594,0
9595,0
9596,0
9597,1
9598,1
9599,1
9600,0
9601,0
9602,0
9603,0
9604,0
9605,0
9606,0
9607,0
9608,0
9609,0
9610,0
9611,0
9612,0
9613,0
9614,0
9615,0
9616,0
9617,0
9618,0
9619,0
9620,0
9621,0
9622,0
9623,0
9624,0
9625,0
9626,0
9627,0
9628,0
9629,0
9630,0
9631,0
9632,1
9633,0
9634,0
9635,0
9636,1
9637,1
9638,1
9639,0
9640,0
9641,0
9642,0
9643,0
9644,0
9645,0
9646,0
9647,0
9648,0
9649,0
9650,0
9651,0
9652,0
9653,0
9654,0
9655,0
9656,0
9657,0
9658,0
9659,0
9660,0
9661,0
9662,0
9663,0
9664,0
9665,0
9666,0
9667,0
9668,0
9669,0
9670,0
9671,0
9672,0
9673,0
9674,0
9675,0
9676,0
9677,0
9678,0
9679,0
9680,0
9681,0
9682,0
9683,0
9684,0
9685,0
9686,0
9687,0
9688,0
9689,0
9690,0
9691,0
9692,0
9693,0
9694,0
9695,0
9696,0
9697,0
9698,0
9699,0
9700,0
9701,0
9702,0
9703,0
9704,0
9705,0
9706,0
9707,0
9708,0
9709,0
9710,0
9711,0
9712,1
9713,0
9714,0
9715,0
9716,0
9717,0
9718,0
9719,0
9720,0
9721,0
9722,0
9723,0
9724,0
9725,0
9726,0
9727,0
9728,0
9729,0
9730,0
9731,0
9732,0
9733,0
9734,0
9735,0
9736,0
9737,0
9738,0
9739,0
9740,0
9741,0
9742,0
9743,0
9744,0
9745,0
9746,0
9747,0
9748,0
9749,0
9750,0
9751,0
9752,0
9753,0
9754,0
9755,0
9756,0
9757,0
9758,0
9759,0
9760,0
9761,0
9762,0
9763,0
9764,0
9765,0
9766,0
9767,0
9768,0
9769,0
9770,0
9771,0
9772,0
9773,0
9774,0
9775,0
9776,0
9777,0
9778,0
9779,0
9780,0
9781,0
9782,0
9783,0
9784,0
9785,0
9786,0
9787,0
9788,0
9789,0
9790,0
9791,0
9792,0
9793,0
9794,0
9795,0
9796,0
9797,0
9798,0
9799,0
9800,0
9801,0
9802,0
9803,0
9804,0
9805,0
9806,0
9807,1
9808,1
9809,1
9810,0
9811,1
9812,0
9813,0
9814,0
9815,0
9816,0
9817,0
9818,0
9819,0
9820,0
9821,0
9822,0
9823,0
9824,0
9825,0
9826,0
9827,0
9828,0
9829,0
9830,0
9831,0
9832,0
9833,0
9834,0
9835,0
9836,0
9837,0
9838,0
9839,0
9840,0
9841,0
9842,0
9843,0
9844,0
9845,0
9846,0
9847,0
9848,0
9849,0
9850,0
9851,0
9852,0
9853,0
9854,0
9855,1
9856,1
9857,1
9858,0
9859,0
9860,0
9861,1
9862,1
9863,1
9864,0
9865,0
9866,0
9867,0
9868,0
9869,0
9870,0
9871,0
9872,0
9873,0
9874,0
9875,0
9876,0
9877,0
9878,1
9879,0
9880,0
9881,0
9882,0
9883,0
9884,0
9885,0
9886,0
9887,0
9888,0
9889,0
9890,0
9891,0
9892,0
9893,0
9894,0
9895,0
9896,0
9897,0
9898,0
9899,0
9900,0
9901,0
9902,0
9903,0
9904,0
9905,0
9906,0
9907,0
9908,0
9909,0
9910,0
9911,0
9912,0
9913,0
9914,0
9915,0
9916,0
9917,1
9918,0
9919,0
9920,0
9921,0
9922,1
9923,0
9924,0
9925,0
9926,0
9927,0
9928,0
9929,0
9930,0
9931,0
9932,0
9933,0
9934,0
9935,0
9936,0
9937,0
9938,0
9939,0
9940,0
9941,0
9942,0
9943,0
9944,1
9945,1
9946,1
9947,1
9948,0
9949,0
9950,0
9951,0
9952,0
9953,0
9954,0
9955,0
9956,0
9957,0
9958,0
9959,0
9960,0
9961,0
9962,0
9963,0
9964,0
9965,0
9966,0
9967,0
9968,0
9969,0
9970,0
9971,0
9972,0
9973,0
9974,0
9975,0
9976,0
9977,0
9978,0
9979,0
9980,0
9981,0
9982,0
9983,0
9984,0
9985,0
9986,0
9987,1
9988,1
9989,1
9990,0
9991,0
9992,0
9993,0
9994,0
9995,0
9996,0
9997,0
9998,0
9999,0
10000,0
10001,0
10002,0
10003,0
10004,0
10005,0
10006,0
10007,0
10008,0
10009,0
10010,0
10011,0
10012,0
10013,0
10014,0
10015,0
10016,0
10017,0
10018,0
10019,0
10020,0
10021,0
10022,0
10023,0
10024,0
10025,0
10026,0
10027,1
10028,0
10029,0
10030,0
10031,0
10032,0
10033,0
10034,0
10035,0
10036,0
10037,0
10038,0
10039,0
10040,0
10041,0
10042,0
10043,0
10044,0
10045,0
10046,0
10047,0
10048,0
10049,0
10050,0
10051,0
10052,0
10053,0
10054,0
10055,0
10056,0
10057,0
10058,0
10059,1
10060,1
10061,1
10062,0
10063,0
10064,0
10065,0
10066,0
10067,0
10068,0
10069,0
10070,0
10071,0
10072,0
10073,0
10074,0
10075,0
10076,0
10077,0
10078,0
10079,0
10080,0
10081,0
10082,0
10083,0
10084,0
10085,0
10086,1
10087,0
10088,0
10089,0
10090,0
10091,0
10092,0
10093,0
10094,0
10095,1
10096,0
10097,0
10098,0
10099,0
10100,0
10101,0
10102,0
10103,0
10104,0
10105,0
10106,0
10107,0
10108,0
10109,0
10110,1
10111,1
10112,1
10113,0
10114,0
10115,0
10116,0
10117,0
10118,0
10119,0
10120,0
10121,0
10122,0
10123,0
10124,0
10125,0
10126,0
10127,0
10128,0
10129,0
10130,0
10131,1
10132,1
10133,1
10134,0
10135,0
10136,0
10137,0
10138,0
10139,0
10140,1
10141,1
10142,1
10143,0
10144,0
10145,0
10146,0
10147,0
10148,0
10149,0
10150,0
10151,0
10152,1
10153,0
10154,0
10155,0
10156,0
10157,0
10158,0
10159,0
10160,0
10161,0
10162,0
10163,0
10164,0
10165,0
10166,0
10167,0
10168,0
10169,0
10170,0
10171,0
10172,0
10173,1
10174,1
10175,1
10176,0
10177,0
10178,0
10179,0
10180,0
10181,0
10182,0
10183,0
10184,0
10185,0
10186,0
10187,0
10188,0
10189,0
10190,0
10191,0
10192,0
10193,0
10194,0
10195,0
10196,0
10197,0
10198,0
10199,0
10200,0
10201,0
10202,0
10203,0
10204,0
10205,0
10206,0
10207,1
10208,0
10209,1
10210,1
10211,1
10212,0
10213,0
10214,0
10215,0
10216,0
10217,0
10218,0
10219,0
10220,0
10221,0
10222,0
10223,0
10224,0
10225,0
10226,0
10227,0
10228,0
10229,0
10230,0
10231,0
10232,0
10233,0
10234,0
10235,0
10236,0
10237,0
10238,0
10239,0
10240,0
10241,0
10242,0
10243,0
10244,0
10245,0
10246,0
10247,0
10248,1
10249,1
10250,1
10251,0
10252,0
10253,0
10254,0
10255,0
10256,0
10257,0
10258,0
10259,0
10260,0
10261,0
10262,0
10263,0
10264,0
10265,0
10266,0
10267,0
10268,0
10269,1
10270,1
10271,1
10272,0
10273,0
10274,0
10275,0
10276,0
10277,0
10278,0
10279,0
10280,0
10281,0
10282,0
10283,0
10284,0
10285,0
10286,0
10287,0
10288,0
10289,0
10290,0
10291,0
10292,0
10293,0
10294,0
10295,0
10296,0
10297,0
10298,0
10299,0
10300,0
10301,0
10302,0
10303,0
10304,0
10305,0
10306,0
10307,0
10308,0
10309,0
10310,0
10311,0
10312,0
10313,0
10314,0
10315,0
10316,0
10317,0
10318,0
10319,0
10320,0
10321,0
10322,0
10323,0
10324,0
10325,0
10326,0
10327,0
10328,0
10329,0
10330,0
10331,0
10332,0
10333,0
10334,0
10335,0
10336,0
10337,0
10338,0
10339,0
10340,0
10341,0
10342,0
10343,0
10344,0
10345,0
10346,0
10347,0
10348,0
10349,0
10350,0
10351,0
10352,0
10353,0
10354,0
10355,0
10356,0
10357,0
10358,0
10359,0
10360,0
10361,0
10362,0
10363,0
10364,0
10365,0
10366,0
10367,0
10368,1
10369,1
10370,1
10371,0
10372,0
10373,0
10374,0
10375,0
10376,0
10377,0
10378,0
10379,0
10380,0
10381,0
10382,0
10383,0
10384,0
10385,0
10386,0
10387,0
10388,0
10389,0
10390,0
10391,0
10392,0
10393,1
10394,0
10395,0
10396,0
10397,0
10398,0
10399,0
10400,0
10401,0
10402,0
10403,0
10404,0
10405,0
10406,0
10407,0
10408,0
10409,0
10410,0
10411,0
10412,0
10413,0
10414,0
10415,0
10416,0
10417,0
10418,0
10419,0
10420,0
10421,0
10422,0
10423,0
10424,0
10425,0
10426,0
10427,0
10428,0
10429,0
10430,0
10431,0
10432,0
10433,0
10434,0
10435,0
10436,0
10437,0
10438,0
10439,0
10440,0
10441,0
10442,0
10443,0
10444,0
10445,0
10446,0
10447,0
10448,0
10449,0
10450,0
10451,0
10452,0
10453,0
10454,0
10455,0
10456,0
10457,0
10458,0
10459,0
10460,0
10461,0
10462,0
10463,0
10464,1
10465,0
10466,0
10467,1
10468,1
10469,1
10470,0
10471,0
10472,0
10473,0
10474,0
10475,0
10476,0
10477,0
10478,0
10479,0
10480,0
10481,0
10482,0
10483,0
10484,0
10485,0
10486,0
10487,0
10488,0
10489,0
10490,0
10491,0
10492,0
10493,1
10494,0
10495,0
10496,0
10497,0
10498,0
10499,0
10500,0
10501,0
10502,0
10503,0
10504,0
10505,0
10506,0
10507,0
10508,0
10509,0
10510,0
10511,0
10512,0
10513,0
10514,0
10515,0
10516,0
10517,0
10518,0
10519,0
10520,0
10521,0
10522,0
10523,0
10524,0
10525,0
10526,0
10527,0
10528,0
10529,0
10530,0
10531,0
10532,0
10533,0
10534,0
10535,0
10536,0
10537,0
10538,1
10539,0
10540,0
10541,0
10542,0
10543,0
10544,0
10545,0
10546,0
10547,0
10548,0
10549,0
10550,0
10551,0
10552,0
10553,0
10554,0
10555,0
10556,0
10557,0
10558,0
10559,0
10560,0
10561,0
10562,0
10563,0
10564,0
10565,0
10566,0
10567,0
10568,0
10569,0
10570,0
10571,0
10572,0
10573,0
10574,0
10575,0
10576,0
10577,0
10578,0
10579,0
10580,0
10581,0
10582,0
10583,0
10584,0
10585,0
10586,0
10587,0
10588,0
10589,0
10590,0
10591,0
10592,0
10593,0
10594,0
10595,0
10596,0
10597,0
10598,0
10599,0
10600,0
10601,0
10602,0
10603,0
10604,0
10605,0
10606,0
10607,0
10608,0
10609,0
10610,0
10611,1
10612,1
10613,1
10614,1
10615,1
10616,1
10617,0
10618,0
10619,0
10620,0
10621,0
10622,0
10623,0
10624,0
10625,0
10626,0
10627,0
10628,0
10629,0
10630,0
10631,0
10632,0
10633,0
10634,0
10635,0
10636,0
10637,0
10638,0
10639,0
10640,0
10641,0
10642,0
10643,0
10644,0
10645,0
10646,0
10647,0
10648,0
10649,0
10650,0
10651,0
10652,0
10653,0
10654,0
10655,0
10656,0
10657,0
10658,0
10659,0
10660,0
10661,0
10662,1
10663,1
10664,1
10665,0
10666,0
10667,0
10668,0
10669,0
10670,0
10671,0
10672,0
10673,0
10674,0
10675,0
10676,0
10677,0
10678,0
10679,0
10680,0
10681,0
10682,0
10683,0
10684,0
10685,0
10686,0
10687,0
10688,0
10689,0
10690,0
10691,0
10692,0
10693,0
10694,0
10695,0
10696,0
10697,0
10698,0
10699,0
10700,0
10701,0
10702,0
10703,0
10704,0
10705,0
10706,0
10707,0
10708,0
10709,0
10710,0
10711,0
10712,0
10713,0
10714,0
10715,0
10716,0
10717,0
10718,0
10719,0
10720,0
10721,0
10722,0
10723,0
10724,0
10725,0
10726,0
10727,0
10728,0
10729,0
10730,0
10731,0
10732,0
10733,0
10734,0
10735,0
10736,0
10737,0
10738,0
10739,0
10740,0
10741,0
10742,0
10743,0
10744,0
10745,0
10746,0
10747,0
10748,0
10749,0
10750,0
10751,0
10752,1
10753,1
10754,1
10755,0
10756,0
10757,0
10758,0
10759,0
10760,0
10761,0
10762,0
10763,0
10764,0
10765,0
10766,0
10767,0
10768,1
10769,0
10770,0
10771,0
10772,0
10773,0
10774,0
10775,0
10776,0
10777,0
10778,0
10779,0
10780,0
10781,0
10782,0
10783,0
10784,0
10785,0
10786,0
10787,0
10788,0
10789,0
10790,0
10791,0
10792,0
10793,0
10794,0
10795,0
10796,0
10797,0
10798,0
10799,0
10800,0
10801,0
10802,0
10803,0
10804,0
10805,0
10806,0
10807,0
10808,0
10809,0
10810,0
10811,0
10812,0
10813,0
10814,0
10815,0
10816,0
10817,0
10818,0
10819,0
10820,0
10821,0
10822,0
10823,0
10824,0
10825,0
10826,0
10827,0
10828,0
10829,0
10830,0
10831,0
10832,0
10833,1
10834,1
10835,1
10836,0
10837,0
10838,0
10839,0
10840,0
10841,0
10842,0
10843,0
10844,0
10845,0
10846,0
10847,0
10848,0
10849,0
10850,0
10851,0
10852,0
10853,0
10854,0
10855,0
10856,0
10857,0
10858,0
10859,0
10860,0
10861,0
10862,0
10863,0
10864,0
10865,0
10866,0
10867,0
10868,0
10869,0
10870,0
10871,0
10872,0
10873,0
10874,0
10875,0
10876,0
10877,0
10878,0
10879,0
10880,0
10881,0
10882,0
10883,0
10884,0
10885,0
10886,0
10887,0
10888,0
10889,0
10890,0
10891,0
10892,0
10893,0
10894,0
10895,0
10896,0
10897,0
10898,0
10899,0
10900,0
10901,0
10902,0
10903,0
10904,0
10905,0
10906,0
10907,0
10908,0
10909,0
10910,0
10911,0
10912,0
10913,0
10914,0
10915,0
10916,0
10917,0
10918,0
10919,0
10920,0
10921,0
10922,0
10923,0
10924,0
10925,0
10926,0
10927,0
10928,0
10929,0
10930,0
10931,0
10932,0
10933,0
10934,0
10935,0
10936,0
10937,0
10938,0
10939,1
10940,0
10941,0
10942,0
10943,0
10944,0
10945,0
10946,0
10947,0
10948,0
10949,0
10950,0
10951,0
10952,0
10953,0
10954,0
10955,0
10956,0
10957,0
10958,0
10959,1
10960,1
10961,1
10962,0
10963,0
10964,0
10965,0
10966,0
10967,0
10968,0
10969,0
10970,0
10971,0
10972,0
10973,0
10974,0
10975,0
10976,0
10977,0
10978,0
10979,0
10980,0
10981,0
10982,0
10983,0
10984,0
10985,0
10986,0
10987,0
10988,0
10989,0
10990,0
10991,0
10992,0
10993,0
10994,0
10995,0
10996,0
10997,0
10998,0
10999,0
11000,0
11001,0
11002,0
11003,0
11004,0
11005,0
11006,0
11007,0
11008,0
11009,0
11010,0
11011,0
11012,0
11013,0
11014,0
11015,0
11016,0
11017,0
11018,0
11019,0
11020,0
11021,0
11022,0
11023,0
11024,0
11025,0
11026,0
11027,0
11028,0
11029,0
11030,0
11031,0
11032,0
11033,0
11034,0
11035,0
11036,0
11037,0
11038,0
11039,0
11040,0
11041,0
11042,0
11043,0
11044,0
11045,0
11046,0
11047,0
11048,0
11049,0
11050,0
11051,0
11052,0
11053,0
11054,0
11055,0
11056,0
11057,0
11058,0
11059,0
11060,0
11061,0
11062,0
11063,0
11064,0
11065,0
11066,0
11067,0
11068,0
11069,0
11070,0
11071,0
11072,0
11073,0
11074,0
11075,0
11076,0
11077,0
11078,0
11079,0
11080,0
11081,0
11082,0
11083,0
11084,0
11085,0
11086,0
11087,0
11088,0
11089,0
11090,0
11091,0
11092,0
11093,0
11094,0
11095,0
11096,0
11097,0
11098,0
11099,0
11100,0
11101,0
11102,0
11103,0
11104,0
11105,0
11106,0
11107,0
11108,0
11109,0
11110,0
11111,0
11112,0
11113,0
11114,0
11115,0
11116,0
11117,0
11118,0
11119,0
11120,0
11121,1
11122,1
11123,1
11124,0
11125,0
11126,0
11127,0
11128,0
11129,0
11130,0
11131,0
11132,0
11133,0
11134,0
11135,0
11136,0
11137,0
11138,0
11139,0
11140,0
11141,0
11142,0
11143,0
11144,0
11145,0
11146,0
11147,0
11148,0
11149,0
11150,0
11151,0
11152,0
11153,0
11154,0
11155,0
11156,0
11157,0
11158,0
11159,0
11160,0
11161,0
11162,0
11163,0
11164,0
11165,0
11166,1
11167,1
11168,1
11169,0
11170,0
11171,0
11172,0
11173,0
11174,0
11175,0
11176,0
11177,0
11178,1
11179,1
11180,1
11181,0
11182,0
11183,0
11184,0
11185,0
11186,0
11187,0
11188,0
11189,0
11190,0
11191,0
11192,0
11193,0
11194,0
11195,0
11196,0
11197,0
11198,0
11199,0
11200,0
11201,0
11202,0
11203,0
11204,0
11205,0
11206,0
11207,0
11208,0
11209,0
11210,0
11211,0
11212,0
11213,0
11214,0
11215,0
11216,0
11217,0
11218,0
11219,0
11220,0
11221,0
11222,0
11223,0
11224,0
11225,0
11226,0
11227,0
11228,0
11229,0
11230,0
11231,0
11232,0
11233,0
11234,0
11235,0
11236,0
11237,0
11238,0
11239,0
11240,0
11241,0
11242,0
11243,0
11244,0
11245,0
11246,0
11247,0
11248,0
11249,0
11250,0
11251,0
11252,0
11253,1
11254,1
11255,1
11256,0
11257,0
11258,0
11259,0
11260,0
11261,0
11262,0
11263,0
11264,0
11265,0
11266,0
11267,0
11268,0
11269,0
11270,0
11271,0
11272,0
11273,0
11274,0
11275,0
11276,0
11277,0
11278,0
11279,0
11280,1
11281,1
11282,1
11283,0
11284,0
11285,0
11286,0
11287,0
11288,0
11289,0
11290,0
11291,0
11292,0
11293,0
11294,0
11295,0
11296,0
11297,0
11298,0
11299,0
11300,0
11301,0
11302,0
11303,0
11304,0
11305,0
11306,0
11307,0
11308,0
11309,0
11310,0
11311,0
11312,0
11313,0
11314,0
11315,0
11316,0
11317,0
11318,0
11319,0
11320,0
11321,0
11322,0
11323,0
11324,0
11325,0
11326,0
11327,0
11328,0
11329,0
11330,0
11331,0
11332,0
11333,0
11334,1
11335,1
11336,1
11337,1
11338,0
11339,0
11340,0
11341,0
11342,0
11343,1
11344,1
11345,1
11346,0
11347,0
11348,0
11349,0
11350,0
11351,0
11352,0
11353,0
11354,0
11355,0
11356,0
11357,0
11358,0
11359,0
11360,0
11361,0
11362,0
11363,0
11364,1
11365,1
11366,1
11367,0
11368,1
11369,0
11370,0
11371,0
11372,0
11373,0
11374,0
11375,0
11376,0
11377,0
11378,0
11379,0
11380,0
11381,0
11382,0
11383,0
11384,0
11385,0
11386,0
11387,0
11388,0
11389,0
11390,0
11391,0
11392,0
11393,0
11394,0
11395,0
11396,0
11397,0
11398,0
11399,0
11400,0
11401,0
11402,0
11403,0
11404,0
11405,0
11406,0
11407,0
11408,0
11409,0
11410,0
11411,0
11412,0
11413,0
11414,0
11415,0
11416,0
11417,0
11418,0
11419,0
11420,0
11421,0
11422,0
11423,0
11424,0
11425,0
11426,0
11427,0
11428,0
11429,0
11430,1
11431,1
11432,1
11433,0
11434,0
11435,0
11436,0
11437,0
11438,0
11439,0
11440,0
11441,0
11442,1
11443,1
11444,1
11445,0
11446,0
11447,0
11448,0
11449,0
11450,0
11451,0
11452,0
11453,0
11454,0
11455,0
11456,0
11457,1
11458,1
11459,1
11460,0
11461,0
11462,0
11463,0
11464,0
11465,0
11466,0
11467,0
11468,0
11469,0
11470,0
11471,0
11472,0
11473,0
11474,0
11475,0
11476,0
11477,0
11478,0
11479,0
11480,0
11481,0
11482,0
11483,0
11484,0
11485,0
11486,0
11487,1
11488,1
11489,1
11490,0
11491,0
11492,0
11493,0
11494,0
11495,0
11496,0
11497,0
11498,0
11499,0
11500,0
11501,0
11502,0
11503,0
11504,0
11505,0
11506,0
11507,0
11508,0
11509,0
11510,0
11511,0
11512,0
11513,0
11514,0
11515,0
11516,0
11517,0
11518,0
11519,0
11520,0
11521,0
11522,0
11523,1
11524,1
11525,1
11526,0
11527,0
11528,0
11529,0
11530,0
11531,0
11532,0
11533,0
11534,0
11535,0
11536,0
11537,0
11538,0
11539,0
11540,0
11541,1
11542,1
11543,1
11544,1
11545,0
11546,0
11547,0
11548,0
11549,0
11550,0
11551,0
11552,0
11553,0
11554,0
11555,0
11556,0
11557,0
11558,0
11559,0
11560,0
11561,0
11562,0
11563,0
11564,0
11565,0
11566,0
11567,0
11568,0
11569,0
11570,0
11571,0
11572,0
11573,0
11574,0
11575,0
11576,0
11577,0
11578,0
11579,0
11580,0
11581,0
11582,0
11583,0
11584,0
11585,0
11586,0
11587,0
11588,0
11589,0
11590,0
11591,0
11592,0
11593,0
11594,0
11595,0
11596,1
11597,0
11598,0
11599,0
11600,0
11601,0
11602,0
11603,0
11604,0
11605,0
11606,0
11607,0
11608,0
11609,0
11610,0
11611,0
11612,0
11613,0
11614,0
11615,0
11616,0
11617,0
11618,0
11619,0
11620,0
11621,0
11622,0
11623,0
11624,0
11625,0
11626,0
11627,0
11628,0
11629,0
11630,0
11631,0
11632,0
11633,0
11634,0
11635,0
11636,0
11637,0
11638,0
11639,0
11640,0
11641,0
11642,0
11643,0
11644,0
11645,0
11646,0
11647,0
11648,0
11649,0
11650,0
11651,0
11652,0
11653,0
11654,0
11655,0
11656,0
11657,0
11658,0
11659,0
11660,0
11661,0
11662,0
11663,0
11664,1
11665,1
11666,1
11667,0
11668,0
11669,0
11670,0
11671,0
11672,0
11673,0
11674,0
11675,0
11676,0
11677,0
11678,0
11679,0
11680,0
11681,0
11682,0
11683,1
11684,0
11685,0
11686,0
11687,0
11688,0
11689,0
11690,0
11691,0
11692,0
11693,0
11694,0
11695,0
11696,0
11697,0
11698,0
11699,0
11700,0
11701,0
11702,0
11703,0
11704,0
11705,0
11706,0
11707,0
11708,0
11709,0
11710,0
11711,0
11712,0
11713,0
11714,0
11715,0
11716,0
11717,0
11718,0
11719,0
11720,0
11721,0
11722,0
11723,0
11724,0
11725,0
11726,0
11727,0
11728,0
11729,0
11730,0
11731,0
11732,0
11733,0
11734,0
11735,0
11736,0
11737,0
11738,0
11739,0
11740,0
11741,0
11742,0
11743,0
11744,0
11745,0
11746,0
11747,0
11748,1
11749,1
11750,1
11751,0
11752,0
11753,0
11754,0
11755,1
11756,0
11757,0
11758,0
11759,0
11760,0
11761,0
11762,0
11763,0
11764,0
11765,0
11766,0
11767,0
11768,0
11769,0
11770,0
11771,0
11772,0
11773,0
11774,0
11775,0
11776,0
11777,0
11778,0
11779,0
11780,0
11781,0
11782,0
11783,0
11784,0
11785,0
11786,0
11787,1
11788,0
11789,0
11790,0
11791,0
11792,0
11793,0
11794,0
11795,0
11796,0
11797,0
11798,0
11799,1
11800,1
11801,1
11802,0
11803,0
11804,0
11805,0
11806,0
11807,0
11808,0
11809,0
11810,0
11811,0
11812,0
11813,0
11814,0
11815,0
11816,0
11817,0
11818,0
11819,0
11820,0
11821,0
11822,0
11823,0
11824,0
11825,0
11826,1
11827,1
11828,1
11829,0
11830,0
11831,0
11832,0
11833,0
11834,0
11835,1
11836,1
11837,1
11838,0
11839,0
11840,0
11841,0
11842,0
11843,0
11844,0
11845,0
11846,0
11847,0
11848,0
11849,0
11850,0
11851,0
11852,0
11853,0
11854,0
11855,0
11856,1
11857,1
11858,1
11859,0
11860,0
11861,0
11862,0
11863,0
11864,0
11865,0
11866,0
11867,0
11868,0
11869,0
11870,0
11871,0
11872,0
11873,0
11874,0
11875,0
11876,0
11877,0
11878,0
11879,1
11880,0
11881,0
11882,0
11883,0
11884,0
11885,0
11886,0
11887,0
11888,0
11889,0
11890,0
11891,0
11892,0
11893,0
11894,0
11895,0
11896,0
11897,0
11898,0
11899,0
11900,0
11901,1
11902,1
11903,1
11904,0
11905,0
11906,0
11907,0
11908,1
11909,0
11910,0
11911,0
11912,0
11913,0
11914,0
11915,0
11916,0
11917,0
11918,0
11919,1
11920,1
11921,1
11922,0
11923,0
11924,0
11925,0
11926,0
11927,0
11928,0
11929,0
11930,0
11931,0
11932,0
11933,0
11934,0
11935,0
11936,0
11937,0
11938,0
11939,0
11940,0
11941,0
11942,0
11943,0
11944,0
11945,0
11946,0
11947,0
11948,0
11949,0
11950,0
11951,0
11952,0
11953,0
11954,0
11955,0
11956,0
11957,0
11958,0
11959,0
11960,0
11961,0
11962,0
11963,0
11964,0
11965,0
11966,0
11967,0
11968,0
11969,0
11970,0
11971,0
11972,0
11973,1
11974,1
11975,1
11976,0
11977,0
11978,0
11979,0
11980,0
11981,0
11982,0
11983,0
11984,0
11985,0
11986,0
11987,0
11988,0
11989,0
11990,0
11991,0
11992,0
11993,0
11994,0
11995,0
11996,0
11997,0
11998,0
11999,0
12000,0
12001,0
12002,0
12003,0
12004,0
12005,0
12006,0
12007,0
12008,0
12009,0
12010,0
12011,0
12012,0
12013,0
12014,0
12015,0
12016,0
12017,0
12018,0
12019,0
12020,0
12021,0
12022,0
12023,0
12024,0
12025,0
12026,0
12027,0
12028,0
12029,0
12030,0
12031,0
12032,0
12033,0
12034,0
12035,0
12036,1
12037,1
12038,1
12039,0
12040,0
12041,0
12042,0
12043,0
12044,0
12045,0
12046,0
12047,0
12048,0
12049,0
12050,0
12051,0
12052,0
12053,0
12054,0
12055,0
12056,0
12057,0
12058,0
12059,0
12060,0
12061,0
12062,0
12063,0
12064,0
12065,0
12066,0
12067,0
12068,0
12069,0
12070,0
12071,0
12072,0
12073,0
12074,0
12075,0
12076,0
12077,0
12078,0
12079,0
12080,0
12081,0
12082,0
12083,0
12084,0
12085,0
12086,0
12087,0
12088,0
12089,0
12090,1
12091,1
12092,1
12093,0
12094,0
12095,0
12096,0
12097,0
12098,0
12099,0
12100,0
12101,0
12102,0
12103,0
12104,0
12105,0
12106,0
12107,0
12108,0
12109,0
12110,0
12111,0
12112,0
12113,0
12114,0
12115,0
12116,0
12117,0
12118,0
12119,0
12120,0
12121,0
12122,0
12123,0
12124,0
12125,0
12126,0
12127,0
12128,0
12129,0
12130,0
12131,0
12132,0
12133,0
12134,0
12135,0
12136,0
12137,0
12138,0
12139,0
12140,0
12141,0
12142,0
12143,0
12144,0
12145,0
12146,0
12147,0
12148,0
12149,0
12150,0
12151,0
12152,0
12153,0
12154,0
12155,0
12156,0
12157,0
12158,0
12159,0
12160,0
12161,0
12162,0
12163,0
12164,0
12165,0
12166,0
12167,0
12168,0
12169,0
12170,0
12171,0
12172,0
12173,0
12174,1
12175,1
12176,1
12177,0
12178,0
12179,0
12180,0
12181,0
12182,0
12183,0
12184,0
12185,0
12186,1
12187,1
12188,1
12189,0
12190,0
12191,0
12192,0
12193,0
12194,0
12195,0
12196,0
12197,0
12198,0
12199,0
12200,0
12201,0
12202,0
12203,0
12204,0
12205,0
12206,0
12207,0
12208,0
12209,0
12210,0
12211,0
12212,0
12213,0
12214,0
12215,0
12216,0
12217,0
12218,0
12219,0
12220,0
12221,0
12222,1
12223,1
12224,1
12225,0
12226,0
12227,0
12228,0
12229,0
12230,0
12231,0
12232,0
12233,0
12234,0
12235,0
12236,0
12237,0
12238,0
12239,0
12240,0
12241,0
12242,0
12243,0
12244,0
12245,0
12246,0
12247,0
12248,0
12249,0
12250,0
12251,0
12252,0
12253,0
12254,0
12255,0
12256,0
12257,0
12258,0
12259,0
12260,0
12261,0
12262,0
12263,0
12264,0
12265,0
12266,0
12267,0
12268,0
12269,0
12270,0
12271,0
12272,0
12273,0
12274,0
12275,0
12276,0
12277,0
12278,0
12279,0
12280,0
12281,0
12282,0
12283,0
12284,0
12285,0
12286,0
12287,0
12288,0
12289,0
12290,0
12291,0
12292,0
12293,0
12294,0
12295,0
12296,0
12297,0
12298,0
12299,0
12300,0
12301,0
12302,0
12303,0
12304,0
12305,0
12306,0
12307,0
12308,0
12309,0
12310,0
12311,0
12312,0
12313,0
12314,0
12315,1
12316,1
12317,1
12318,0
12319,0
12320,0
12321,0
12322,0
12323,0
12324,0
12325,1
12326,0
12327,0
12328,0
12329,0
12330,0
12331,0
12332,0
12333,0
12334,0
12335,0
12336,0
12337,0
12338,0
12339,0
12340,0
12341,0
12342,0
12343,0
12344,0
12345,1
12346,1
12347,1
12348,0
12349,0
12350,0
12351,0
12352,0
12353,0
12354,0
12355,0
12356,0
12357,0
12358,0
12359,0
12360,0
12361,0
12362,0
12363,0
12364,0
12365,0
12366,0
12367,0
12368,0
12369,0
12370,0
12371,0
12372,0
12373,0
12374,0
12375,0
12376,0
12377,0
12378,0
12379,1
12380,0
12381,0
12382,0
12383,0
12384,0
12385,0
12386,0
12387,0
12388,0
12389,0
12390,0
12391,0
12392,0
12393,0
12394,0
12395,0
12396,0
12397,0
12398,0
12399,0
12400,0
12401,0
12402,0
12403,0
12404,0
12405,0
12406,0
12407,0
12408,0
12409,0
12410,0
12411,0
12412,0
12413,0
12414,0
12415,0
12416,0
12417,0
12418,0
12419,0
12420,0
12421,0
12422,0
12423,0
12424,0
12425,0
12426,0
12427,0
12428,0
12429,0
12430,0
12431,0
12432,0
12433,0
12434,0
12435,0
12436,0
12437,0
12438,0
12439,0
12440,0
12441,0
12442,0
12443,0
12444,0
12445,0
12446,0
12447,0
12448,0
12449,0
12450,0
12451,0
12452,0
12453,0
12454,0
12455,0
12456,0
12457,0
12458,0
12459,0
12460,0
12461,0
12462,0
12463,0
12464,0
12465,0
12466,0
12467,0
12468,0
12469,0
12470,0
12471,1
12472,0
12473,0
12474,0
12475,0
12476,0
12477,0
12478,0
12479,0
12480,0
12481,0
12482,0
12483,0
12484,0
12485,0
12486,0
12487,0
12488,0
12489,0
12490,0
12491,0
12492,0
12493,0
12494,0
12495,0
12496,0
12497,0
12498,0
12499,0
12500,0
12501,0
12502,0
12503,0
12504,0
12505,0
12506,0
12507,0
12508,0
12509,0
12510,0
12511,0
12512,0
12513,0
12514,0
12515,0
12516,1
12517,1
12518,1
12519,0
12520,0
12521,0
12522,0
12523,0
12524,0
12525,0
12526,0
12527,0
12528,0
12529,0
12530,0
12531,1
12532,1
12533,1
12534,1
12535,1
12536,1
12537,0
12538,0
12539,0
12540,0
12541,0
12542,0
12543,0
12544,0
12545,0
12546,0
12547,0
12548,0
12549,0
12550,1
12551,0
12552,0
12553,0
12554,0
12555,0
12556,0
12557,0
12558,0
12559,0
12560,0
12561,0
12562,0
12563,0
12564,0
12565,0
12566,0
12567,0
12568,0
12569,0
12570,0
12571,0
12572,0
12573,0
12574,0
12575,0
12576,0
12577,0
12578,0
12579,0
12580,0
12581,0
12582,0
12583,0
12584,0
12585,0
12586,0
12587,0
12588,0
12589,0
12590,0
12591,0
12592,0
12593,0
12594,0
12595,0
12596,0
12597,0
12598,0
12599,0
12600,0
12601,0
12602,0
12603,0
12604,0
12605,0
12606,0
12607,0
12608,0
12609,0
12610,0
12611,0
12612,0
12613,0
12614,0
12615,0
12616,0
12617,0
12618,0
12619,0
12620,0
12621,0
12622,0
12623,0
12624,0
12625,0
12626,0
12627,0
12628,0
12629,0
12630,0
12631,0
12632,0
12633,0
12634,0
12635,0
12636,0
12637,0
12638,0
12639,0
12640,0
12641,0
12642,0
12643,0
12644,0
12645,0
12646,0
12647,0
12648,0
12649,0
12650,0
12651,0
12652,0
12653,0
12654,0
12655,0
12656,0
12657,0
12658,0
12659,0
12660,0
12661,0
12662,0
12663,0
12664,0
12665,0
12666,0
12667,0
12668,0
12669,0
12670,0
12671,0
12672,0
12673,0
12674,0
12675,0
12676,0
12677,0
12678,0
12679,0
12680,0
12681,0
12682,0
12683,0
12684,0
12685,0
12686,0
12687,0
12688,0
12689,0
12690,0
12691,0
12692,0
12693,0
12694,0
12695,0
12696,0
12697,0
12698,0
12699,0
12700,0
12701,0
12702,0
12703,0
12704,0
12705,0
12706,0
12707,0
12708,0
12709,0
12710,0
12711,0
12712,0
12713,0
12714,0
12715,0
12716,0
12717,0
12718,0
12719,0
12720,0
12721,0
12722,0
12723,0
12724,0
12725,0
12726,0
12727,0
12728,0
12729,0
12730,0
12731,0
12732,0
12733,0
12734,0
12735,0
12736,0
12737,0
12738,0
12739,0
12740,0
12741,0
12742,0
12743,0
12744,0
12745,0
12746,0
12747,0
12748,0
12749,0
12750,0
12751,0
12752,0
12753,0
12754,0
12755,0
12756,0
12757,0
12758,0
12759,0
12760,0
12761,0
12762,0
12763,0
12764,0
12765,0
12766,0
12767,0
12768,0
12769,0
12770,0
12771,0
12772,0
12773,0
12774,0
12775,0
12776,0
12777,0
12778,0
12779,0
12780,0
12781,0
12782,0
12783,0
12784,0
12785,0
12786,0
12787,0
12788,0
12789,0
12790,0
12791,0
12792,0
12793,0
12794,0
12795,0
12796,0
12797,0
12798,0
12799,0
12800,0
12801,0
12802,0
12803,0
12804,0
12805,0
12806,0
12807,0
12808,1
12809,0
12810,0
12811,0
12812,0
12813,1
12814,1
12815,1
12816,0
12817,0
12818,0
12819,0
12820,0
12821,0
12822,0
12823,0
12824,0
12825,0
12826,0
12827,0
12828,0
12829,0
12830,0
12831,0
12832,0
12833,0
12834,0
12835,0
12836,0
12837,0
12838,0
12839,0
12840,0
12841,0
12842,0
12843,0
12844,0
12845,0
12846,0
12847,0
12848,0
12849,0
12850,0
12851,0
12852,0
12853,0
12854,0
12855,0
12856,0
12857,0
12858,0
12859,0
12860,0
12861,0
12862,0
12863,0
12864,0
12865,0
12866,0
12867,0
12868,0
12869,0
12870,0
12871,0
12872,0
12873,0
12874,0
12875,0
12876,0
12877,0
12878,0
12879,0
12880,0
12881,0
12882,0
12883,0
12884,0
12885,0
12886,0
12887,0
12888,0
12889,0
12890,0
12891,0
12892,0
12893,0
12894,0
12895,0
12896,0
12897,0
12898,0
12899,0
12900,0
12901,0
12902,0
12903,0
12904,0
12905,0
12906,0
12907,0
12908,0
12909,0
12910,1
12911,0
12912,0
12913,0
12914,0
12915,0
12916,0
12917,0
12918,0
12919,0
12920,0
12921,0
12922,0
12923,0
12924,0
12925,0
12926,0
12927,0
12928,0
12929,0
12930,0
12931,0
12932,0
12933,1
12934,0
12935,0
12936,0
12937,0
12938,0
12939,0
12940,0
12941,0
12942,0
12943,0
12944,0
12945,0
12946,0
12947,0
12948,0
12949,0
12950,0
12951,0
12952,0
12953,0
12954,0
12955,0
12956,0
12957,0
12958,0
12959,0
12960,0
12961,0
12962,0
12963,0
12964,0
12965,0
12966,0
12967,0
12968,0
12969,0
12970,0
12971,0
12972,0
12973,0
12974,0
12975,0
12976,0
12977,0
12978,0
12979,0
12980,0
12981,0
12982,0
12983,0
12984,0
12985,0
12986,0
12987,0
12988,0
12989,0
12990,0
12991,0
12992,0
12993,0
12994,0
12995,0
12996,0
12997,0
12998,0
12999,0
13000,0
13001,0
13002,0
13003,0
13004,0
13005,0
13006,0
13007,0
13008,0
13009,0
13010,0
13011,0
13012,0
13013,0
13014,0
13015,0
13016,0
13017,0
13018,0
13019,0
13020,0
13021,0
13022,0
13023,0
13024,0
13025,0
13026,0
13027,0
13028,0
13029,0
13030,0
13031,0
13032,0
13033,0
13034,0
13035,0
13036,0
13037,0
13038,0
13039,0
13040,0
13041,0
13042,0
13043,0
13044,0
13045,0
13046,0
13047,0
13048,0
13049,0
13050,0
13051,0
13052,0
13053,0
13054,0
13055,0
13056,1
13057,1
13058,1
13059,0
13060,0
13061,0
13062,0
13063,0
13064,0
13065,0
13066,0
13067,0
13068,0
13069,0
13070,0
13071,0
13072,0
13073,0
13074,1
13075,1
13076,1
13077,0
13078,0
13079,0
13080,0
13081,0
13082,0
13083,1
13084,1
13085,1
13086,1
13087,1
13088,1
13089,0
13090,0
13091,0
13092,0
13093,0
13094,0
13095,0
13096,0
13097,0
13098,0
13099,0
13100,0
13101,0
13102,0
13103,0
13104,0
13105,0
13106,0
13107,0
13108,0
13109,0
13110,0
13111,0
13112,0
13113,0
13114,0
13115,0
13116,0
13117,0
13118,0
13119,0
13120,0
13121,0
13122,0
13123,0
13124,0
13125,0
13126,0
13127,0
13128,0
13129,0
13130,0
13131,1
13132,1
13133,1
13134,0
13135,0
13136,0
13137,0
13138,0
13139,0
13140,1
13141,1
13142,1
13143,0
13144,0
13145,0
13146,0
13147,0
13148,0
13149,0
13150,0
13151,0
13152,0
13153,0
13154,0
13155,0
13156,0
13157,0
13158,0
13159,0
13160,0
13161,0
13162,0
13163,0
13164,0
13165,0
13166,0
13167,0
13168,0
13169,0
13170,0
13171,0
13172,0
13173,0
13174,0
13175,0
13176,0
13177,0
13178,0
13179,0
13180,0
13181,0
13182,0
13183,0
13184,0
13185,1
13186,1
13187,1
13188,0
13189,0
13190,0
13191,0
13192,0
13193,0
13194,0
13195,0
13196,0
13197,0
13198,0
13199,0
13200,0
13201,0
13202,0
13203,0
13204,0
13205,0
13206,0
13207,0
13208,0
13209,0
13210,0
13211,0
13212,0
13213,0
13214,0
13215,0
13216,0
13217,0
13218,0
13219,0
13220,0
13221,0
13222,0
13223,0
13224,1
13225,1
13226,1
13227,0
13228,0
13229,0
13230,0
13231,0
13232,0
13233,0
13234,0
13235,0
13236,0
13237,0
13238,0
13239,0
13240,0
13241,0
13242,0
13243,0
13244,0
13245,0
13246,0
13247,0
13248,0
13249,0
13250,0
13251,0
13252,0
13253,0
13254,0
13255,0
13256,0
13257,0
13258,0
13259,0
13260,0
13261,0
13262,0
13263,0
13264,0
13265,0
13266,0
13267,0
13268,0
13269,0
13270,0
13271,0
13272,0
13273,0
13274,0
13275,0
13276,0
13277,0
13278,0
13279,0
13280,0
13281,0
13282,0
13283,0
13284,0
13285,0
13286,0
13287,0
13288,0
13289,0
13290,0
13291,0
13292,0
13293,0
13294,0
13295,0
13296,0
13297,0
13298,0
13299,0
13300,0
13301,0
13302,0
13303,0
13304,0
13305,0
13306,0
13307,0
13308,0
13309,0
13310,0
13311,0
13312,0
13313,0
13314,0
13315,0
13316,0
13317,0
13318,0
13319,0
13320,0
13321,0
13322,0
13323,0
13324,0
13325,0
13326,0
13327,0
13328,0
13329,0
13330,0
13331,0
13332,0
13333,0
13334,0
13335,0
13336,0
13337,0
13338,0
13339,0
13340,0
13341,0
13342,0
13343,0
13344,1
13345,1
13346,1
13347,0
13348,0
13349,0
13350,0
13351,0
13352,0
13353,0
13354,0
13355,0
13356,0
13357,0
13358,0
13359,0
13360,0
13361,0
13362,0
13363,0
13364,0
13365,0
13366,0
13367,0
13368,0
13369,0
13370,0
13371,0
13372,0
13373,0
13374,0
13375,0
13376,0
13377,0
13378,0
13379,0
13380,0
13381,0
13382,0
13383,0
13384,0
13385,0
13386,0
13387,0
13388,0
13389,0
13390,0
13391,0
13392,0
13393,0
13394,0
13395,0
13396,0
13397,0
13398,0
13399,0
13400,0
13401,0
13402,0
13403,0
13404,0
13405,0
13406,0
13407,0
13408,0
13409,0
13410,0
13411,0
13412,0
13413,0
13414,0
13415,0
13416,0
13417,0
13418,0
13419,0
13420,0
13421,0
13422,0
13423,0
13424,0
13425,0
13426,0
13427,0
13428,0
13429,0
13430,0
13431,0
13432,0
13433,0
13434,0
13435,0
13436,0
13437,0
13438,0
13439,0
13440,0
13441,0
13442,0
13443,0
13444,0
13445,0
13446,0
13447,0
13448,0
13449,0
13450,0
13451,0
13452,0
13453,0
13454,0
13455,0
13456,0
13457,0
13458,0
13459,0
13460,0
13461,0
13462,0
13463,0
13464,0
13465,0
13466,0
13467,0
13468,0
13469,0
13470,0
13471,0
13472,0
13473,0
13474,0
13475,0
13476,0
13477,0
13478,0
13479,0
13480,0
13481,0
13482,1
13483,1
13484,1
13485,0
13486,0
13487,0
13488,0
13489,0
13490,0
13491,0
13492,0
13493,0
13494,0
13495,0
13496,0
13497,0
13498,0
13499,0
13500,0
13501,0
13502,0
13503,0
13504,0
13505,0
13506,0
13507,0
13508,0
13509,0
13510,0
13511,0
13512,0
13513,0
13514,0
13515,0
13516,0
13517,0
13518,0
13519,0
13520,0
13521,0
13522,0
13523,0
13524,0
13525,0
13526,0
13527,0
13528,0
13529,0
13530,0
13531,0
13532,0
13533,0
13534,0
13535,0
13536,0
13537,0
13538,0
13539,0
13540,0
13541,0
13542,0
13543,0
13544,0
13545,0
13546,0
13547,0
13548,0
13549,0
13550,0
13551,0
13552,0
13553,0
13554,0
13555,0
13556,0
13557,0
13558,0
13559,0
13560,0
13561,0
13562,0
13563,0
13564,0
13565,0
13566,0
13567,0
13568,0
13569,0
13570,0
13571,0
13572,0
13573,0
13574,0
13575,0
13576,0
13577,0
13578,0
13579,0
13580,0
13581,0
13582,0
13583,0
13584,0
13585,0
13586,0
13587,0
13588,0
13589,0
13590,0
13591,0
13592,0
13593,0
13594,0
13595,0
13596,0
13597,0
13598,0
13599,0
13600,0
13601,0
13602,0
13603,0
13604,0
13605,1
13606,1
13607,1
13608,0
13609,0
13610,0
13611,0
13612,0
13613,0
13614,0
13615,0
13616,0
13617,0
13618,0
13619,0
13620,0
13621,0
13622,0
13623,0
13624,0
13625,0
13626,0
13627,0
13628,0
13629,0
13630,0
13631,0
13632,0
13633,0
13634,0
13635,0
13636,0
13637,0
13638,0
13639,0
13640,0
13641,0
13642,0
13643,0
13644,0
13645,0
13646,0
13647,0
13648,0
13649,0
13650,0
13651,0
13652,0
13653,0
13654,0
13655,0
13656,0
13657,0
13658,0
13659,0
13660,0
13661,0
13662,0
13663,0
13664,0
13665,0
13666,0
13667,0
13668,0
13669,0
13670,0
13671,0
13672,0
13673,0
13674,0
13675,0
13676,0
13677,0
13678,0
13679,0
13680,0
13681,0
13682,0
13683,0
13684,0
13685,0
13686,0
13687,0
13688,0
13689,0
13690,0
13691,0
13692,0
13693,0
13694,0
13695,0
13696,0
13697,0
13698,0
13699,0
13700,0
13701,0
13702,0
13703,0
13704,0
13705,0
13706,0
13707,1
13708,1
13709,1
13710,0
13711,0
13712,0
13713,0
13714,0
13715,0
13716,0
13717,0
13718,0
13719,0
13720,1
13721,0
13722,0
13723,0
13724,0
13725,0
13726,0
13727,0
13728,1
13729,0
13730,0
13731,0
13732,0
13733,0
13734,0
13735,0
13736,0
13737,0
13738,0
13739,0
13740,0
13741,0
13742,0
13743,0
13744,0
13745,0
13746,0
13747,0
13748,0
13749,1
13750,0
13751,0
13752,0
13753,0
13754,0
13755,0
13756,0
13757,0
13758,0
13759,0
13760,0
13761,0
13762,0
13763,0
13764,0
13765,0
13766,0
13767,0
13768,0
13769,0
13770,0
13771,0
13772,0
13773,0
13774,0
13775,0
13776,0
13777,0
13778,0
13779,0
13780,0
13781,0
13782,0
13783,0
13784,0
13785,0
13786,0
13787,0
13788,0
13789,0
13790,0
13791,0
13792,0
13793,0
13794,0
13795,0
13796,0
13797,0
13798,0
13799,0
13800,0
13801,0
13802,0
13803,0
13804,0
13805,0
13806,0
13807,0
13808,0
13809,0
13810,0
13811,0
13812,1
13813,1
13814,1
13815,0
13816,0
13817,0
13818,0
13819,0
13820,0
13821,0
13822,0
13823,0
13824,1
13825,1
13826,1
13827,0
13828,0
13829,0
13830,0
13831,0
13832,0
13833,0
13834,0
13835,0
13836,0
13837,0
13838,0
13839,0
13840,0
13841,0
13842,0
13843,0
13844,0
13845,0
13846,0
13847,0
13848,1
13849,1
13850,1
13851,0
13852,0
13853,0
13854,0
13855,0
13856,0
13857,0
13858,0
13859,0
13860,1
13861,1
13862,1
13863,0
13864,0
13865,0
13866,0
13867,0
13868,0
13869,0
13870,0
13871,0
13872,0
13873,0
13874,0
13875,0
13876,0
13877,0
13878,0
13879,0
13880,0
13881,0
13882,0
13883,0
13884,0
13885,0
13886,0
13887,0
13888,0
13889,0
13890,0
13891,0
13892,0
13893,0
13894,0
13895,0
13896,1
13897,1
13898,1
13899,0
13900,0
13901,0
13902,0
13903,0
13904,0
13905,0
13906,0
13907,0
13908,0
13909,0
13910,0
13911,1
13912,1
13913,1
13914,0
13915,0
13916,0
13917,0
13918,0
13919,0
13920,0
13921,0
13922,0
13923,0
13924,0
13925,0
13926,0
13927,0
13928,0
13929,0
13930,0
13931,0
13932,0
13933,0
13934,0
13935,0
13936,0
13937,0
13938,0
13939,0
13940,0
13941,0
13942,0
13943,0
13944,0
13945,0
13946,0
13947,0
13948,0
13949,0
13950,0
13951,0
13952,0
13953,0
13954,0
13955,0
13956,0
13957,0
13958,0
13959,0
13960,0
13961,0
13962,0
13963,0
13964,0
13965,0
13966,0
13967,0
13968,1
13969,1
13970,1
13971,0
13972,0
13973,0
13974,1
13975,1
13976,1
13977,0
13978,0
13979,0
13980,0
13981,0
13982,0
13983,0
13984,0
13985,0
13986,0
13987,0
13988,0
13989,0
13990,0
13991,0
13992,0
13993,0
13994,0
13995,0
13996,0
13997,0
13998,0
13999,0
14000,0
14001,0
14002,0
14003,0
14004,0
14005,0
14006,0
14007,0
14008,0
14009,0
14010,0
14011,0
14012,0
14013,0
14014,0
14015,0
14016,0
14017,0
14018,0
14019,0
14020,0
14021,0
14022,0
14023,0
14024,0
14025,1
14026,1
14027,1
14028,0
14029,0
14030,0
14031,0
14032,0
14033,0
14034,1
14035,0
14036,0
14037,0
14038,0
14039,0
14040,0
14041,0
14042,0
14043,0
14044,0
14045,0
14046,0
14047,0
14048,0
14049,0
14050,0
14051,0
14052,0
14053,0
14054,0
14055,0
14056,0
14057,0
14058,1
14059,1
14060,1
14061,0
14062,0
14063,0
14064,0
14065,0
14066,0
14067,0
14068,0
14069,0
14070,0
14071,0
14072,0
14073,0
14074,0
14075,0
14076,0
14077,0
14078,0
14079,0
14080,0
14081,0
14082,0
14083,0
14084,0
14085,0
14086,0
14087,0
14088,0
14089,0
14090,0
14091,0
14092,0
14093,0
14094,0
14095,0
14096,0
14097,0
14098,0
14099,0
14100,0
14101,0
14102,0
14103,0
14104,0
14105,0
14106,0
14107,0
14108,0
14109,0
14110,0
14111,0
14112,1
14113,1
14114,1
14115,0
14116,0
14117,0
14118,0
14119,0
14120,0
14121,0
14122,0
14123,0
14124,0
14125,0
14126,0
14127,0
14128,0
14129,0
14130,0
14131,0
14132,0
14133,0
14134,0
14135,0
14136,0
14137,0
14138,0
14139,0
14140,0
14141,0
14142,0
14143,0
14144,0
14145,0
14146,0
14147,0
14148,0
14149,0
14150,0
14151,0
14152,0
14153,0
14154,0
14155,0
14156,0
14157,0
14158,0
14159,0
14160,0
14161,0
14162,0
14163,0
14164,0
14165,0
14166,0
14167,0
14168,0
14169,0
14170,0
14171,0
14172,0
14173,0
14174,0
14175,0
14176,0
14177,0
14178,0
14179,0
14180,0
14181,0
14182,0
14183,0
14184,0
14185,0
14186,0
14187,1
14188,1
14189,1
14190,0
14191,0
14192,0
14193,0
14194,0
14195,0
14196,0
14197,0
14198,0
14199,0
14200,0
14201,0
14202,0
14203,0
14204,0
14205,0
14206,0
14207,0
14208,0
14209,0
14210,0
14211,0
14212,0
14213,0
14214,0
14215,0
14216,0
14217,0
14218,0
14219,0
14220,0
14221,0
14222,0
14223,0
14224,0
14225,0
14226,0
14227,0
14228,0
14229,0
14230,0
14231,0
14232,0
14233,0
14234,0
14235,0
14236,0
14237,0
14238,0
14239,0
14240,0
14241,0
14242,0
14243,0
14244,0
14245,0
14246,0
14247,0
14248,0
14249,0
14250,0
14251,0
14252,0
14253,0
14254,0
14255,0
14256,1
14257,1
14258,1
14259,1
14260,1
14261,1
14262,0
14263,0
14264,0
14265,0
14266,0
14267,0
14268,0
14269,0
14270,0
14271,0
14272,0
14273,0
14274,0
14275,0
14276,0
14277,0
14278,0
14279,0
14280,0
14281,0
14282,0
14283,0
14284,0
14285,0
14286,0
14287,0
14288,0
14289,0
14290,0
14291,0
14292,0
14293,0
14294,0
14295,0
14296,0
14297,0
14298,0
14299,0
14300,0
14301,0
14302,0
14303,0
14304,0
14305,0
14306,0
14307,0
14308,0
14309,0
14310,0
14311,0
14312,0
14313,0
14314,0
14315,1
14316,0
14317,0
14318,0
14319,0
14320,0
14321,0
14322,0
14323,0
14324,0
14325,0
14326,0
14327,0
14328,0
14329,0
14330,0
14331,0
14332,0
14333,0
14334,0
14335,0
14336,0
14337,0
14338,0
14339,0
14340,0
14341,0
14342,0
14343,0
14344,0
14345,0
14346,0
14347,0
14348,0
14349,0
14350,0
14351,0
14352,0
14353,0
14354,0
14355,1
14356,1
14357,1
14358,0
14359,0
14360,0
14361,0
14362,0
14363,0
14364,0
14365,0
14366,0
14367,0
14368,0
14369,0
14370,0
14371,1
14372,0
14373,0
14374,0
14375,0
14376,0
14377,0
14378,0
14379,0
14380,0
14381,0
14382,1
14383,1
14384,1
14385,0
14386,0
14387,0
14388,0
14389,0
14390,0
14391,0
14392,0
14393,0
14394,0
14395,0
14396,0
14397,0
14398,0
14399,0
14400,1
14401,1
14402,1
14403,0
14404,0
14405,0
14406,0
14407,0
14408,0
14409,0
14410,0
14411,0
14412,0
14413,0
14414,0
14415,1
14416,1
14417,1
14418,0
14419,0
14420,0
14421,0
14422,0
14423,0
14424,0
14425,0
14426,0
14427,0
14428,0
14429,0
14430,0
14431,0
14432,0
14433,0
14434,0
14435,0
14436,0
14437,0
14438,0
14439,0
14440,0
14441,0
14442,0
14443,0
14444,0
14445,0
14446,0
14447,0
14448,0
14449,0
14450,0
14451,0
14452,0
14453,0
14454,0
14455,0
14456,0
14457,0
14458,0
14459,0
14460,0
14461,0
14462,0
14463,0
14464,0
14465,0
14466,0
14467,0
14468,0
14469,0
14470,0
14471,0
14472,1
14473,1
14474,1
14475,0
14476,0
14477,0
14478,0
14479,0
14480,0
14481,0
14482,0
14483,0
14484,0
14485,0
14486,0
14487,0
14488,0
14489,0
14490,0
14491,0
14492,0
14493,0
14494,0
14495,0
14496,0
14497,0
14498,0
14499,0
14500,0
14501,0
14502,0
14503,0
14504,0
14505,0
14506,0
14507,0
14508,0
14509,0
14510,0
14511,0
14512,0
14513,0
14514,0
14515,0
14516,0
14517,0
14518,0
14519,0
14520,0
14521,0
14522,0
14523,0
14524,0
14525,0
14526,0
14527,0
14528,0
14529,0
14530,0
14531,0
14532,0
14533,0
14534,0
14535,0
14536,0
14537,0
14538,0
14539,0
14540,0
14541,0
14542,0
14543,0
14544,0
14545,0
14546,0
14547,0
14548,0
14549,0
14550,0
14551,0
14552,0
14553,0
14554,0
14555,0
14556,0
14557,0
14558,0
14559,0
14560,0
14561,0
14562,0
14563,0
14564,0
14565,0
14566,0
14567,0
14568,1
14569,1
14570,1
14571,0
14572,0
14573,0
14574,0
14575,0
14576,0
14577,0
14578,0
14579,0
14580,0
14581,0
14582,0
14583,0
14584,0
14585,0
14586,0
14587,0
14588,0
14589,0
14590,0
14591,0
14592,0
14593,0
14594,0
14595,0
14596,0
14597,0
14598,0
14599,0
14600,0
14601,0
14602,0
14603,0
14604,0
14605,0
14606,0
14607,0
14608,0
14609,0
14610,0
14611,0
14612,0
14613,0
14614,0
14615,0
14616,0
14617,0
14618,0
14619,0
14620,0
14621,0
14622,1
14623,1
14624,1
14625,0
14626,0
14627,0
14628,0
14629,0
14630,0
14631,0
14632,0
14633,0
14634,1
14635,0
14636,0
14637,0
14638,0
14639,0
14640,1
14641,1
14642,1
14643,0
14644,0
14645,0
14646,0
14647,0
14648,0
14649,0
14650,0
14651,0
14652,0
14653,0
14654,0
14655,0
14656,0
14657,0
14658,0
14659,0
14660,0
14661,0
14662,0
14663,0
14664,0
14665,0
14666,0
14667,0
14668,0
14669,0
14670,0
14671,0
14672,0
14673,0
14674,0
14675,0
14676,0
14677,0
14678,0
14679,0
14680,0
14681,0
14682,0
14683,0
14684,0
14685,0
14686,0
14687,0
14688,0
14689,0
14690,0
14691,0
14692,0
14693,0
14694,0
14695,0
14696,0
14697,0
14698,0
14699,0
14700,0
14701,0
14702,0
14703,0
14704,0
14705,0
14706,0
14707,0
14708,0
14709,0
14710,0
14711,0
14712,0
14713,0
14714,0
14715,0
14716,0
14717,0
14718,0
14719,0
14720,0
14721,0
14722,0
14723,0
14724,0
14725,0
14726,0
14727,0
14728,0
14729,0
14730,0
14731,0
14732,0
14733,0
14734,0
14735,0
14736,0
14737,0
14738,0
14739,0
14740,0
14741,0
14742,0
14743,0
14744,0
14745,0
14746,0
14747,0
14748,0
14749,0
14750,0
14751,0
14752,0
14753,0
14754,0
14755,0
14756,0
14757,0
14758,0
14759,0
14760,1
14761,1
14762,1
14763,0
14764,0
14765,0
14766,1
14767,1
14768,1
14769,0
14770,0
14771,0
14772,0
14773,0
14774,0
14775,0
14776,0
14777,0
14778,1
14779,1
14780,1
14781,0
14782,0
14783,0
14784,0
14785,0
14786,0
14787,0
14788,0
14789,0
14790,0
14791,0
14792,0
14793,0
14794,0
14795,0
14796,0
14797,0
14798,0
14799,0
14800,0
14801,0
14802,0
14803,0
14804,0
14805,0
14806,0
14807,0
14808,0
14809,0
14810,0
14811,0
14812,0
14813,0
14814,1
14815,1
14816,1
14817,0
14818,0
14819,0
14820,0
14821,0
14822,0
14823,0
14824,0
14825,0
14826,0
14827,0
14828,0
14829,0
14830,0
14831,0
14832,0
14833,0
14834,0
14835,0
14836,0
14837,0
14838,0
14839,0
14840,0
14841,0
14842,0
14843,0
14844,0
14845,0
14846,0
14847,0
14848,0
14849,0
14850,0
14851,0
14852,0
14853,0
14854,0
14855,0
14856,0
14857,0
14858,0
14859,0
14860,0
14861,0
14862,0
14863,0
14864,0
14865,0
14866,0
14867,0
14868,0
14869,0
14870,0
14871,0
14872,0
14873,0
14874,0
14875,0
14876,0
14877,0
14878,0
14879,0
14880,0
14881,0
14882,0
14883,0
14884,0
14885,0
14886,0
14887,0
14888,0
14889,0
14890,0
14891,0
14892,0
14893,0
14894,0
14895,0
14896,0
14897,0
14898,0
14899,0
14900,0
14901,0
14902,0
14903,0
14904,0
14905,0
14906,0
14907,0
14908,0
14909,0
14910,0
14911,0
14912,0
14913,0
14914,0
14915,0
14916,0
14917,0
14918,0
14919,0
14920,0
14921,0
14922,0
14923,0
14924,0
14925,0
14926,0
14927,0
14928,0
14929,0
14930,0
14931,0
14932,0
14933,0
14934,0
14935,0
14936,0
14937,0
14938,0
14939,0
14940,0
14941,0
14942,0
14943,0
14944,0
14945,0
14946,0
14947,0
14948,0
14949,0
14950,0
14951,0
14952,0
14953,0
14954,0
14955,0
14956,0
14957,0
14958,0
14959,0
14960,0
14961,0
14962,0
14963,0
14964,0
14965,0
14966,0
14967,0
14968,0
14969,0
14970,0
14971,0
14972,0
14973,0
14974,0
14975,0
14976,0
14977,0
14978,0
14979,0
14980,0
14981,0
14982,0
14983,0
14984,0
14985,0
14986,0
14987,0
14988,0
14989,0
14990,0
14991,0
14992,0
14993,0
14994,0
14995,0
14996,0
14997,0
14998,0
14999,0
15000,1
15001,1
15002,1
15003,0
15004,0
15005,0
15006,0
15007,0
15008,0
15009,0
15010,0
15011,0
15012,0
15013,0
15014,0
15015,0
15016,0
15017,0
15018,0
15019,0
15020,0
15021,0
15022,0
15023,0
15024,1
15025,1
15026,1
15027,0
15028,0
15029,0
15030,0
15031,0
15032,0
15033,0
15034,0
15035,0
15036,0
15037,0
15038,0
15039,0
15040,0
15041,0
15042,0
15043,0
15044,0
15045,0
15046,0
15047,0
15048,0
15049,0
15050,0
15051,0
15052,0
15053,0
15054,0
15055,0
15056,0
15057,0
15058,0
15059,0
15060,0
15061,0
15062,0
15063,0
15064,0
15065,0
15066,0
15067,0
15068,0
15069,0
15070,0
15071,0
15072,0
15073,0
15074,0
15075,0
15076,0
15077,0
15078,0
15079,0
15080,0
15081,0
15082,0
15083,0
15084,0
15085,0
15086,0
15087,0
15088,0
15089,0
15090,0
15091,0
15092,0
15093,0
15094,0
15095,0
15096,0
15097,0
15098,0
15099,0
15100,0
15101,0
15102,0
15103,0
15104,0
15105,0
15106,0
15107,0
15108,0
15109,0
15110,0
15111,0
15112,0
15113,0
15114,0
15115,0
15116,0
15117,0
15118,0
15119,0
15120,0
15121,0
15122,0
15123,0
15124,0
15125,0
15126,0
15127,0
15128,0
15129,0
15130,0
15131,0
15132,0
15133,0
15134,0
15135,0
15136,0
15137,0
15138,0
15139,0
15140,0
15141,0
15142,0
15143,0
15144,0
15145,0
15146,0
15147,0
15148,0
15149,0
15150,0
15151,0
15152,0
15153,0
15154,0
15155,0
15156,0
15157,0
15158,0
15159,0
15160,0
15161,0
15162,0
15163,0
15164,0
15165,0
15166,0
15167,0
15168,0
15169,0
15170,0
15171,0
15172,0
15173,0
15174,0
15175,0
15176,0
15177,0
15178,0
15179,0
15180,0
15181,0
15182,0
15183,1
15184,1
15185,1
15186,0
15187,0
15188,0
15189,0
15190,0
15191,0
15192,0
15193,0
15194,0
15195,0
15196,0
15197,0
15198,0
15199,0
15200,0
15201,0
15202,0
15203,0
15204,0
15205,0
15206,0
15207,0
15208,0
15209,0
15210,0
15211,0
15212,0
15213,0
15214,0
15215,0
15216,0
15217,0
15218,0
15219,1
15220,1
15221,1
15222,1
15223,1
15224,1
15225,0
15226,0
15227,0
15228,0
15229,0
15230,0
15231,1
15232,1
15233,1
15234,0
15235,0
15236,0
15237,0
15238,0
15239,0
15240,0
15241,0
15242,0
15243,1
15244,1
15245,1
15246,0
15247,0
15248,0
15249,0
15250,0
15251,0
15252,0
15253,0
15254,0
15255,0
15256,0
15257,0
15258,0
15259,0
15260,0
15261,0
15262,0
15263,0
15264,0
15265,0
15266,0
15267,0
15268,0
15269,0
15270,1
15271,1
15272,1
15273,1
15274,1
15275,1
15276,0
15277,0
15278,0
15279,0
15280,0
15281,0
15282,0
15283,0
15284,0
15285,0
15286,0
15287,0
15288,0
15289,0
15290,0
15291,0
15292,0
15293,0
15294,0
15295,0
15296,0
15297,0
15298,0
15299,0
15300,0
15301,0
15302,0
15303,0
15304,0
15305,0
15306,0
15307,0
15308,0
15309,0
15310,0
15311,0
15312,0
15313,1
15314,0
15315,0
15316,0
15317,0
15318,0
15319,0
15320,0
15321,0
15322,0
15323,0
15324,0
15325,0
15326,0
15327,0
15328,0
15329,0
15330,0
15331,0
15332,0
15333,0
15334,0
15335,0
15336,0
15337,0
15338,0
15339,0
15340,0
15341,0
15342,0
15343,0
15344,0
15345,0
15346,0
15347,0
15348,1
15349,1
15350,1
15351,0
15352,0
15353,0
15354,0
15355,0
15356,0
15357,0
15358,0
15359,0
15360,0
15361,0
15362,0
15363,0
15364,0
15365,0
15366,0
15367,0
15368,0
15369,0
15370,0
15371,0
15372,0
15373,0
15374,0
15375,0
15376,0
15377,0
15378,0
15379,0
15380,0
15381,0
15382,0
15383,0
15384,0
15385,0
15386,0
15387,0
15388,0
15389,0
15390,0
15391,0
15392,0
15393,0
15394,0
15395,0
15396,0
15397,0
15398,0
15399,0
15400,0
15401,0
15402,1
15403,1
15404,1
15405,0
15406,0
15407,0
15408,0
15409,0
15410,0
15411,1
15412,0
15413,0
15414,0
15415,0
15416,0
15417,1
15418,1
15419,1
15420,0
15421,0
15422,0
15423,0
15424,0
15425,0
15426,1
15427,1
15428,1
15429,1
15430,1
15431,1
15432,1
15433,1
15434,1
15435,0
15436,0
15437,0
15438,0
15439,0
15440,0
15441,0
15442,0
15443,0
15444,0
15445,0
15446,0
15447,0
15448,0
15449,0
15450,0
15451,0
15452,0
15453,0
15454,0
15455,0
15456,0
15457,0
15458,0
15459,0
15460,0
15461,0
15462,0
15463,0
15464,0
15465,0
15466,0
15467,0
15468,0
15469,0
15470,0
15471,0
15472,0
15473,0
15474,0
15475,0
15476,0
15477,0
15478,0
15479,0
15480,0
15481,0
15482,0
15483,0
15484,0
15485,0
15486,0
15487,0
15488,0
15489,0
15490,0
15491,0
15492,0
15493,0
15494,0
15495,0
15496,0
15497,0
15498,0
15499,0
15500,0
15501,0
15502,0
15503,0
15504,0
15505,0
15506,0
15507,0
15508,0
15509,0
15510,0
15511,0
15512,0
15513,0
15514,0
15515,0
15516,0
15517,0
15518,0
15519,0
15520,0
15521,0
15522,0
15523,0
15524,0
15525,0
15526,0
15527,0
15528,1
15529,1
15530,1
15531,0
15532,0
15533,0
15534,0
15535,0
15536,0
15537,0
15538,0
15539,0
15540,0
15541,0
15542,0
15543,0
15544,0
15545,0
15546,0
15547,0
15548,0
15549,0
15550,0
15551,0
15552,0
15553,0
15554,0
15555,0
15556,0
15557,0
15558,0
15559,0
15560,0
15561,0
15562,0
15563,0
15564,0
15565,0
15566,0
15567,0
15568,0
15569,0
15570,0
15571,0
15572,0
15573,0
15574,0
15575,0
15576,0
15577,0
15578,0
15579,0
15580,0
15581,0
15582,0
15583,0
15584,0
15585,0
15586,0
15587,0
15588,0
15589,0
15590,0
15591,0
15592,0
15593,0
15594,0
15595,0
15596,0
15597,0
15598,0
15599,0
15600,0
15601,0
15602,0
15603,0
15604,0
15605,0
15606,0
15607,0
15608,0
15609,0
15610,0
15611,0
15612,0
15613,0
15614,0
15615,0
15616,0
15617,0
15618,0
15619,0
15620,0
15621,0
15622,0
15623,0
15624,0
15625,0
15626,0
15627,0
15628,0
15629,0
15630,0
15631,0
15632,0
15633,0
15634,0
15635,0
15636,0
15637,0
15638,0
15639,0
15640,0
15641,0
15642,1
15643,1
15644,1
15645,0
15646,0
15647,0
15648,0
15649,0
15650,0
15651,0
15652,0
15653,0
15654,0
15655,0
15656,0
15657,0
15658,0
15659,0
15660,0
15661,0
15662,0
15663,0
15664,0
15665,0
15666,0
15667,0
15668,0
15669,0
15670,0
15671,0
15672,0
15673,0
15674,0
15675,0
15676,0
15677,0
15678,0
15679,0
15680,0
15681,0
15682,0
15683,0
15684,0
15685,0
15686,0
15687,0
15688,0
15689,0
15690,0
15691,0
15692,0
15693,0
15694,0
15695,0
15696,0
15697,0
15698,0
15699,0
15700,0
15701,0
15702,0
15703,0
15704,0
15705,0
15706,0
15707,0
15708,0
15709,0
15710,0
15711,0
15712,0
15713,0
15714,0
15715,0
15716,0
15717,0
15718,0
15719,0
15720,0
15721,0
15722,0
15723,0
15724,0
15725,0
15726,0
15727,0
15728,0
15729,0
15730,0
15731,0
15732,0
15733,0
15734,0
15735,0
15736,0
15737,0
15738,0
15739,0
15740,0
15741,0
15742,0
15743,0
15744,0
15745,0
15746,0
15747,0
15748,0
15749,0
15750,0
15751,0
15752,0
15753,0
15754,0
15755,0
15756,0
15757,0
15758,0
15759,0
15760,0
15761,0
15762,0
15763,0
15764,0
15765,0
15766,0
15767,0
15768,0
15769,0
15770,0
15771,0
15772,0
15773,0
15774,0
15775,0
15776,0
15777,0
15778,0
15779,0
15780,0
15781,0
15782,0
15783,0
15784,0
15785,0
15786,0
15787,0
15788,0
15789,0
15790,0
15791,0
15792,0
15793,0
15794,0
15795,0
15796,0
15797,0
15798,0
15799,0
15800,0
15801,0
15802,0
15803,0
15804,0
15805,0
15806,0
15807,0
15808,0
15809,0
15810,0
15811,0
15812,0
15813,0
15814,0
15815,0
15816,0
15817,0
15818,0
15819,0
15820,0
15821,0
15822,0
15823,0
15824,0
15825,0
15826,0
15827,0
15828,0
15829,0
15830,0
15831,0
15832,0
15833,0
15834,0
15835,0
15836,0
15837,0
15838,0
15839,0
15840,0
15841,0
15842,0
15843,0
15844,0
15845,0
15846,0
15847,0
15848,0
15849,0
15850,0
15851,0
15852,0
15853,0
15854,0
15855,0
15856,0
15857,0
15858,0
15859,0
15860,0
15861,0
15862,0
15863,0
15864,0
15865,0
15866,0
15867,1
15868,1
15869,1
15870,1
15871,1
15872,1
15873,0
15874,0
15875,0
15876,0
15877,0
15878,0
15879,0
15880,0
15881,0
15882,0
15883,0
15884,0
15885,0
15886,0
15887,0
15888,0
15889,0
15890,0
15891,0
15892,0
15893,0
15894,0
15895,0
15896,0
15897,0
15898,0
15899,0
15900,0
15901,0
15902,0
15903,0
15904,0
15905,0
15906,0
15907,0
15908,0
15909,1
15910,0
15911,0
15912,0
15913,0
15914,0
15915,0
15916,0
15917,0
15918,0
15919,0
15920,0
15921,0
15922,0
15923,0
15924,0
15925,0
15926,0
15927,1
15928,1
15929,1
15930,0
15931,1
15932,0
15933,0
15934,0
15935,0
15936,0
15937,0
15938,0
15939,0
15940,0
15941,0
15942,0
15943,1
15944,0
15945,0
15946,0
15947,0
15948,0
15949,0
15950,0
15951,0
15952,0
15953,0
15954,0
15955,0
15956,0
15957,0
15958,0
15959,0
15960,0
15961,0
15962,0
15963,0
15964,0
15965,0
15966,0
15967,0
15968,0
15969,0
15970,0
15971,0
15972,0
15973,0
15974,0
15975,0
15976,0
15977,0
15978,0
15979,0
15980,0
15981,0
15982,0
15983,0
15984,0
15985,0
15986,0
15987,0
15988,0
15989,0
15990,0
15991,0
15992,0
15993,0
15994,0
15995,0
15996,0
15997,0
15998,0
15999,0
16000,0
16001,0
16002,0
16003,0
16004,0
16005,0
16006,0
16007,0
16008,0
16009,0
16010,0
16011,0
16012,0
16013,0
16014,0
16015,0
16016,0
16017,0
16018,0
16019,0
16020,0
16021,0
16022,0
16023,0
16024,0
16025,0
16026,0
16027,0
16028,0
16029,1
16030,1
16031,1
16032,0
16033,0
16034,0
16035,0
16036,0
16037,0
16038,0
16039,0
16040,0
16041,0
16042,0
16043,0
16044,0
16045,0
16046,0
16047,0
16048,0
16049,0
16050,0
16051,0
16052,0
16053,0
16054,0
16055,0
16056,0
16057,0
16058,0
16059,0
16060,0
16061,1
16062,0
16063,0
16064,0
16065,0
16066,0
16067,0
16068,0
16069,0
16070,0
16071,0
16072,0
16073,0
16074,0
16075,0
16076,0
16077,0
16078,0
16079,0
16080,0
16081,0
16082,0
16083,0
16084,1
16085,0
16086,0
16087,0
16088,0
16089,0
16090,1
16091,0
16092,0
16093,0
16094,0
16095,0
16096,0
16097,0
16098,1
16099,1
16100,1
16101,0
16102,0
16103,0
16104,0
16105,0
16106,0
16107,1
16108,0
16109,0
16110,0
16111,0
16112,0
16113,0
16114,0
16115,0
16116,0
16117,0
16118,0
16119,0
16120,0
16121,0
16122,0
16123,0
16124,0
16125,0
16126,0
16127,0
16128,0
16129,0
16130,0
16131,0
16132,0
16133,0
16134,0
16135,0
16136,0
16137,0
16138,0
16139,0
16140,0
16141,0
16142,0
16143,0
16144,0
16145,0
16146,0
16147,0
16148,0
16149,0
16150,0
16151,0
16152,0
16153,0
16154,0
16155,0
16156,0
16157,0
16158,0
16159,0
16160,0
16161,0
16162,0
16163,0
16164,0
16165,0
16166,0
16167,0
16168,0
16169,0
16170,0
16171,0
16172,0
16173,0
16174,0
16175,0
16176,0
16177,0
16178,0
16179,0
16180,0
16181,0
16182,0
16183,0
16184,0
16185,0
16186,0
16187,0
16188,0
16189,0
16190,0
16191,0
16192,0
16193,0
16194,0
16195,0
16196,0
16197,0
16198,0
16199,0
16200,0
16201,0
16202,0
16203,0
16204,0
16205,0
16206,1
16207,0
16208,0
16209,0
16210,0
16211,0
16212,1
16213,1
16214,1
16215,0
16216,0
16217,0
16218,0
16219,0
16220,0
16221,0
16222,0
16223,0
16224,0
16225,0
16226,0
16227,0
16228,0
16229,0
16230,0
16231,0
16232,0
16233,0
16234,0
16235,0
16236,0
16237,0
16238,0
16239,0
16240,0
16241,0
16242,0
16243,0
16244,0
16245,0
16246,0
16247,0
16248,0
16249,0
16250,0
16251,1
16252,1
16253,1
16254,0
16255,0
16256,0
16257,0
16258,0
16259,0
16260,0
16261,0
16262,0
16263,0
16264,0
16265,0
16266,0
16267,0
16268,0
16269,0
16270,0
16271,0
16272,0
16273,0
16274,0
16275,0
16276,0
16277,0
16278,0
16279,0
16280,0
16281,0
16282,0
16283,0
16284,0
16285,0
16286,0
16287,0
16288,0
16289,0
16290,0
16291,0
16292,0
16293,0
16294,0
16295,0
16296,0
16297,0
16298,0
16299,0
16300,0
16301,0
16302,0
16303,0
16304,0
16305,0
16306,0
16307,0
16308,0
16309,0
16310,0
16311,0
16312,0
16313,0
16314,0
16315,0
16316,0
16317,1
16318,1
16319,1
16320,0
16321,0
16322,0
16323,0
16324,0
16325,0
16326,0
16327,0
16328,0
16329,0
16330,0
16331,0
16332,0
16333,0
16334,0
16335,0
16336,0
16337,0
16338,0
16339,0
16340,0
16341,0
16342,0
16343,0
16344,0
16345,0
16346,0
16347,0
16348,0
16349,0
16350,0
16351,0
16352,0
16353,0
16354,0
16355,0
16356,0
16357,0
16358,0
16359,0
16360,0
16361,0
16362,0
16363,0
16364,0
16365,0
16366,0
16367,0
16368,0
16369,0
16370,0
16371,0
16372,0
16373,0
16374,0
16375,0
16376,0
16377,0
16378,0
16379,0
16380,0
16381,0
16382,0
16383,0
16384,0
16385,0
16386,0
16387,0
16388,0
16389,0
16390,0
16391,0
16392,1
16393,0
16394,0
16395,0
16396,1
16397,0
16398,0
16399,0
16400,0
16401,0
16402,0
16403,0
16404,0
16405,0
16406,0
16407,0
16408,0
16409,0
16410,0
16411,0
16412,0
16413,0
16414,0
16415,0
16416,0
16417,0
16418,0
16419,0
16420,0
16421,0
16422,0
16423,0
16424,0
16425,0
16426,0
16427,0
16428,0
16429,0
16430,0
16431,0
16432,0
16433,0
16434,0
16435,0
16436,0
16437,0
16438,0
16439,0
16440,0
16441,0
16442,0
16443,0
16444,0
16445,0
16446,0
16447,0
16448,0
16449,0
16450,0
16451,0
16452,0
16453,0
16454,0
16455,0
16456,1
16457,0
16458,0
16459,0
16460,0
16461,0
16462,0
16463,0
16464,0
16465,0
16466,0
16467,0
16468,0
16469,0
16470,0
16471,0
16472,0
16473,0
16474,0
16475,0
16476,0
16477,0
16478,0
16479,0
16480,0
16481,0
16482,0
16483,0
16484,0
16485,0
16486,0
16487,0
16488,0
16489,0
16490,0
16491,0
16492,0
16493,0
16494,0
16495,0
16496,0
16497,0
16498,0
16499,0
16500,0
16501,0
16502,0
16503,0
16504,0
16505,0
16506,0
16507,0
16508,0
16509,0
16510,0
16511,0
16512,1
16513,1
16514,1
16515,0
16516,0
16517,0
16518,0
16519,0
16520,0
16521,0
16522,0
16523,0
16524,0
16525,0
16526,0
16527,0
16528,0
16529,0
16530,0
16531,0
16532,0
16533,0
16534,0
16535,0
16536,0
16537,0
16538,0
16539,1
16540,1
16541,1
16542,0
16543,0
16544,0
16545,0
16546,0
16547,0
16548,0
16549,0
16550,0
16551,0
16552,0
16553,0
16554,0
16555,0
16556,0
16557,0
16558,0
16559,0
16560,0
16561,0
16562,0
16563,0
16564,0
16565,0
16566,0
16567,0
16568,0
16569,0
16570,0
16571,0
16572,0
16573,0
16574,0
16575,0
16576,0
16577,0
16578,0
16579,0
16580,0
16581,0
16582,0
16583,0
16584,0
16585,0
16586,0
16587,0
16588,0
16589,0
16590,0
16591,0
16592,0
16593,0
16594,0
16595,0
16596,0
16597,0
16598,0
16599,0
16600,0
16601,0
16602,0
16603,0
16604,0
16605,1
16606,1
16607,1
16608,0
16609,0
16610,0
16611,0
16612,0
16613,0
16614,0
16615,0
16616,0
16617,0
16618,0
16619,0
16620,0
16621,0
16622,0
16623,0
16624,0
16625,0
16626,0
16627,0
16628,0
16629,0
16630,0
16631,0
16632,0
16633,0
16634,0
16635,0
16636,0
16637,0
16638,0
16639,0
16640,0
16641,0
16642,0
16643,0
16644,0
16645,0
16646,0
16647,0
16648,0
16649,0
16650,0
16651,0
16652,0
16653,0
16654,0
16655,0
16656,0
16657,0
16658,0
16659,0
16660,0
16661,0
16662,0
16663,0
16664,0
16665,0
16666,0
16667,0
16668,0
16669,0
16670,0
16671,0
16672,0
16673,0
16674,0
16675,0
16676,0
16677,0
16678,0
16679,0
16680,0
16681,0
16682,0
16683,0
16684,0
16685,0
16686,0
16687,1
16688,0
16689,0
16690,0
16691,0
16692,0
16693,0
16694,0
16695,0
16696,0
16697,0
16698,0
16699,0
16700,0
16701,0
16702,0
16703,0
16704,0
16705,0
16706,0
16707,0
16708,0
16709,0
16710,0
16711,0
16712,0
16713,0
16714,0
16715,0
16716,0
16717,0
16718,0
16719,0
16720,0
16721,1
16722,0
16723,0
16724,0
16725,0
16726,0
16727,0
16728,0
16729,0
16730,0
16731,0
16732,0
16733,0
16734,1
16735,0
16736,0
16737,0
16738,0
16739,0
16740,1
16741,1
16742,1
16743,0
16744,0
16745,0
16746,0
16747,0
16748,0
16749,0
16750,0
16751,0
16752,0
16753,0
16754,0
16755,0
16756,0
16757,0
16758,1
16759,1
16760,1
16761,0
16762,0
16763,0
16764,0
16765,0
16766,0
16767,0
16768,0
16769,0
16770,0
16771,0
16772,0
16773,0
16774,0
16775,0
16776,0
16777,0
16778,0
16779,0
16780,0
16781,0
16782,0
16783,0
16784,0
16785,0
16786,0
16787,0
16788,0
16789,0
16790,0
16791,0
16792,0
16793,0
16794,0
16795,0
16796,0
16797,0
16798,0
16799,0
16800,0
16801,0
16802,0
16803,0
16804,0
16805,0
16806,0
16807,0
16808,0
16809,1
16810,1
16811,1
16812,0
16813,0
16814,0
16815,0
16816,0
16817,0
16818,0
16819,0
16820,0
16821,0
16822,0
16823,0
16824,0
16825,0
16826,0
16827,0
16828,0
16829,0
16830,0
16831,0
16832,0
16833,0
16834,0
16835,0
16836,0
16837,0
16838,0
16839,0
16840,0
16841,0
16842,0
16843,0
16844,0
16845,0
16846,0
16847,0
16848,0
16849,1
16850,0
16851,0
16852,0
16853,0
16854,0
16855,0
16856,0
16857,0
16858,0
16859,0
16860,0
16861,0
16862,0
16863,0
16864,0
16865,0
16866,0
16867,0
16868,0
16869,0
16870,0
16871,0
16872,0
16873,0
16874,0
16875,0
16876,0
16877,0
16878,0
16879,0
16880,0
16881,0
16882,0
16883,0
16884,0
16885,0
16886,0
16887,0
16888,0
16889,0
16890,0
16891,0
16892,0
16893,0
16894,0
16895,0
16896,1
16897,0
16898,0
16899,1
16900,1
16901,1
16902,0
16903,0
16904,0
16905,0
16906,0
16907,0
16908,0
16909,0
16910,0
16911,0
16912,0
16913,0
16914,0
16915,0
16916,0
16917,0
16918,0
16919,0
16920,0
16921,0
16922,0
16923,0
16924,0
16925,0
16926,1
16927,1
16928,1
16929,0
16930,0
16931,0
16932,0
16933,0
16934,0
16935,0
16936,0
16937,0
16938,0
16939,0
16940,0
16941,0
16942,0
16943,0
16944,0
16945,0
16946,0
16947,0
16948,0
16949,0
16950,0
16951,0
16952,0
16953,0
16954,0
16955,0
16956,0
16957,0
16958,0
16959,0
16960,0
16961,0
16962,0
16963,0
16964,0
16965,0
16966,0
16967,0
16968,0
16969,0
16970,0
16971,0
16972,0
16973,0
16974,0
16975,0
16976,0
16977,0
16978,0
16979,0
16980,0
16981,0
16982,0
16983,0
16984,0
16985,0
16986,0
16987,0
16988,0
16989,0
16990,0
16991,0
16992,0
16993,0
16994,0
16995,0
16996,0
16997,0
16998,0
16999,0
17000,0
17001,0
17002,0
17003,0
17004,0
17005,0
17006,0
17007,0
17008,0
17009,0
17010,0
17011,0
17012,0
17013,0
17014,0
17015,0
17016,0
17017,0
17018,0
17019,0
17020,0
17021,0
17022,0
17023,0
17024,0
17025,0
17026,0
17027,0
17028,0
17029,0
17030,0
17031,0
17032,0
17033,0
17034,0
17035,0
17036,0
17037,0
17038,0
17039,0
17040,0
17041,0
17042,0
17043,0
17044,0
17045,0
17046,0
17047,0
17048,0
17049,0
17050,0
17051,0
17052,0
17053,0
17054,0
17055,0
17056,0
17057,0
17058,0
17059,0
17060,0
17061,0
17062,0
17063,0
17064,0
17065,0
17066,0
17067,0
17068,0
17069,0
17070,0
17071,0
17072,0
17073,0
17074,0
17075,0
17076,0
17077,0
17078,0
17079,0
17080,0
17081,0
17082,0
17083,0
17084,0
17085,0
17086,0
17087,0
17088,0
17089,0
17090,0
17091,0
17092,0
17093,0
17094,0
17095,0
17096,0
17097,0
17098,0
17099,0
17100,0
17101,0
17102,0
17103,0
17104,0
17105,0
17106,0
17107,0
17108,0
17109,0
17110,0
17111,0
17112,0
17113,0
17114,0
17115,1
17116,1
17117,1
17118,0
17119,0
17120,0
17121,0
17122,0
17123,0
17124,0
17125,0
17126,0
17127,0
17128,0
17129,0
17130,0
17131,0
17132,0
17133,0
17134,0
17135,0
17136,0
17137,0
17138,0
17139,0
17140,0
17141,0
17142,0
17143,0
17144,0
17145,0
17146,0
17147,0
17148,0
17149,0
17150,0
17151,0
17152,0
17153,0
17154,0
17155,0
17156,0
17157,0
17158,0
17159,0
17160,0
17161,0
17162,0
17163,0
17164,0
17165,0
17166,0
17167,0
17168,0
17169,0
17170,0
17171,0
17172,0
17173,0
17174,0
17175,1
17176,0
17177,0
17178,0
17179,0
17180,0
17181,0
17182,0
17183,0
17184,0
17185,0
17186,0
17187,0
17188,0
17189,0
17190,0
17191,0
17192,0
17193,0
17194,0
17195,0
17196,0
17197,0
17198,0
17199,0
17200,0
17201,0
17202,0
17203,0
17204,0
17205,0
17206,0
17207,0
17208,0
17209,0
17210,0
17211,0
17212,0
17213,0
17214,0
17215,0
17216,0
17217,0
17218,0
17219,0
17220,0
17221,0
17222,0
17223,0
17224,0
17225,0
17226,0
17227,0
17228,0
17229,0
17230,1
17231,0
17232,0
17233,0
17234,0
17235,0
17236,0
17237,0
17238,0
17239,0
17240,0
17241,0
17242,0
17243,0
17244,0
17245,0
17246,0
17247,0
17248,0
17249,0
17250,0
17251,0
17252,0
17253,0
17254,0
17255,0
17256,0
17257,0
17258,0
17259,0
17260,0
17261,0
17262,0
17263,0
17264,0
17265,1
17266,1
17267,1
17268,0
17269,0
17270,0
17271,0
17272,0
17273,0
17274,0
17275,0
17276,0
17277,0
17278,0
17279,0
17280,0
17281,0
17282,0
17283,0
17284,0
17285,0
17286,0
17287,0
17288,0
17289,0
17290,0
17291,0
17292,0
17293,0
17294,0
17295,0
17296,0
17297,0
17298,0
17299,0
17300,0
17301,0
17302,0
17303,0
17304,0
17305,0
17306,0
17307,0
17308,0
17309,0
17310,0
17311,0
17312,0
17313,0
17314,0
17315,0
17316,0
17317,0
17318,0
17319,0
17320,0
17321,0
17322,0
17323,0
17324,0
17325,0
17326,0
17327,0
17328,0
17329,0
17330,0
17331,0
17332,0
17333,0
17334,0
17335,0
17336,0
17337,0
17338,0
17339,0
17340,0
17341,0
17342,0
17343,0
17344,0
17345,0
17346,0
17347,0
17348,0
17349,0
17350,0
17351,0
17352,0
17353,0
17354,0
17355,0
17356,0
17357,0
17358,0
17359,0
17360,0
17361,0
17362,0
17363,0
17364,0
17365,0
17366,0
17367,0
17368,0
17369,0
17370,0
17371,0
17372,0
17373,0
17374,0
17375,0
17376,0
17377,0
17378,0
17379,0
17380,0
17381,0
17382,0
17383,0
17384,1
17385,0
17386,0
17387,0
17388,1
17389,1
17390,1
17391,0
17392,0
17393,0
17394,1
17395,0
17396,0
17397,0
17398,0
17399,0
17400,0
17401,0
17402,0
17403,1
17404,0
17405,0
17406,0
17407,0
17408,0
17409,0
17410,0
17411,0
17412,0
17413,0
17414,0
17415,0
17416,0
17417,0
17418,0
17419,0
17420,0
17421,0
17422,0
17423,0
17424,0
17425,0
17426,0
17427,0
17428,0
17429,0
17430,0
17431,0
17432,0
17433,0
17434,0
17435,0
17436,0
17437,0
17438,0
17439,0
17440,0
17441,0
17442,1
17443,0
17444,0
17445,0
17446,0
17447,0
17448,0
17449,0
17450,0
17451,0
17452,0
17453,0
17454,0
17455,0
17456,0
17457,0
17458,0
17459,0
17460,0
17461,0
17462,0
17463,0
17464,0
17465,0
17466,0
17467,0
17468,0
17469,0
17470,0
17471,0
17472,0
17473,0
17474,0
17475,0
17476,0
17477,0
17478,0
17479,0
17480,0
17481,0
17482,0
17483,0
17484,0
17485,0
17486,0
17487,0
17488,0
17489,0
17490,0
17491,0
17492,0
17493,0
17494,0
17495,0
17496,0
17497,0
17498,0
17499,0
17500,0
17501,0
17502,0
17503,0
17504,0
17505,0
17506,0
17507,0
17508,0
17509,0
17510,0
17511,1
17512,1
17513,1
17514,0
17515,0
17516,0
17517,0
17518,0
17519,0
17520,0
17521,0
17522,0
17523,0
17524,0
17525,0
17526,1
17527,1
17528,1
17529,0
17530,0
17531,0
17532,0
17533,0
17534,0
17535,0
17536,0
17537,0
17538,0
17539,0
17540,0
17541,0
17542,0
17543,0
17544,1
17545,1
17546,1
17547,0
17548,0
17549,0
17550,0
17551,0
17552,0
17553,0
17554,0
17555,0
17556,0
17557,0
17558,0
17559,0
17560,0
17561,0
17562,0
17563,0
17564,0
17565,0
17566,0
17567,0
17568,0
17569,0
17570,0
17571,0
17572,0
17573,0
17574,0
17575,0
17576,0
17577,0
17578,0
17579,0
17580,0
17581,0
17582,0
17583,0
17584,0
17585,0
17586,1
17587,1
17588,1
17589,0
17590,0
17591,0
17592,0
17593,0
17594,0
17595,0
17596,0
17597,0
17598,0
17599,0
17600,0
17601,0
17602,0
17603,0
17604,0
17605,0
17606,0
17607,0
17608,0
17609,0
17610,0
17611,0
17612,0
17613,0
17614,0
17615,0
17616,0
17617,0
17618,0
17619,0
17620,0
17621,0
17622,0
17623,0
17624,0
17625,0
17626,0
17627,0
17628,0
17629,0
17630,0
17631,0
17632,0
17633,0
17634,0
17635,0
17636,0
17637,0
17638,0
17639,0
17640,0
17641,0
17642,0
17643,0
17644,0
17645,0
17646,0
17647,0
17648,0
17649,0
17650,0
17651,0
17652,0
17653,0
17654,0
17655,0
17656,0
17657,0
17658,0
17659,0
17660,0
17661,0
17662,0
17663,0
17664,0
17665,0
17666,0
17667,0
17668,0
17669,0
17670,0
17671,0
17672,0
17673,0
17674,0
17675,0
17676,0
17677,0
17678,0
17679,0
17680,0
17681,0
17682,0
17683,0
17684,0
17685,1
17686,1
17687,1
17688,0
17689,0
17690,0
17691,0
17692,0
17693,0
17694,0
17695,0
17696,0
17697,0
17698,0
17699,0
17700,0
17701,0
17702,0
17703,0
17704,0
17705,0
17706,0
17707,0
17708,0
17709,0
17710,0
17711,0
17712,0
17713,0
17714,0
17715,0
17716,0
17717,0
17718,0
17719,0
17720,0
17721,0
17722,0
17723,0
17724,0
17725,0
17726,0
17727,0
17728,0
17729,0
17730,0
17731,0
17732,0
17733,0
17734,0
17735,0
17736,0
17737,0
17738,0
17739,0
17740,0
17741,0
17742,0
17743,0
17744,0
17745,0
17746,0
17747,0
17748,0
17749,0
17750,0
17751,0
17752,0
17753,0
17754,0
17755,0
17756,0
17757,0
17758,0
17759,0
17760,0
17761,0
17762,0
17763,0
17764,0
17765,0
17766,0
17767,0
17768,0
17769,0
17770,0
17771,0
17772,0
17773,0
17774,0
17775,0
17776,0
17777,0
17778,0
17779,0
17780,0
17781,0
17782,0
17783,0
17784,0
17785,0
17786,0
17787,0
17788,0
17789,0
17790,0
17791,0
17792,0
17793,0
17794,0
17795,0
17796,0
17797,0
17798,0
17799,0
17800,0
17801,0
17802,0
17803,0
17804,0
17805,0
17806,0
17807,0
17808,0
17809,0
17810,0
17811,0
17812,0
17813,0
17814,0
17815,0
17816,0
17817,0
17818,0
17819,0
17820,0
17821,0
17822,0
17823,0
17824,0
17825,0
17826,0
17827,0
17828,0
17829,0
17830,0
17831,0
17832,0
17833,0
17834,0
17835,0
17836,0
17837,0
17838,0
17839,0
17840,0
17841,0
17842,0
17843,0
17844,0
17845,0
17846,0
17847,0
17848,0
17849,0
17850,0
17851,0
17852,0
17853,0
17854,0
17855,0
17856,0
17857,0
17858,0
17859,0
17860,0
17861,0
17862,0
17863,0
17864,0
17865,0
17866,0
17867,0
17868,0
17869,0
17870,0
17871,0
17872,0
17873,0
17874,0
17875,0
17876,0
17877,0
17878,0
17879,0
17880,0
17881,0
17882,0
17883,0
17884,0
17885,0
17886,0
17887,0
17888,0
17889,0
17890,0
17891,0
17892,0
17893,0
17894,0
17895,0
17896,0
17897,0
17898,0
17899,0
17900,0
17901,1
17902,1
17903,1
17904,0
17905,0
17906,0
17907,0
17908,0
17909,0
17910,0
17911,0
17912,0
17913,0
17914,0
17915,0
17916,0
17917,0
17918,0
17919,0
17920,0
17921,0
17922,0
17923,0
17924,0
17925,1
17926,1
17927,1
17928,0
17929,0
17930,0
17931,0
17932,0
17933,0
17934,0
17935,0
17936,0
17937,0
17938,0
17939,0
17940,0
17941,0
17942,0
17943,0
17944,0
17945,0
17946,0
17947,0
17948,0
17949,0
17950,0
17951,0
17952,0
17953,0
17954,0
17955,0
17956,0
17957,0
17958,0
17959,0
17960,0
17961,0
17962,0
17963,0
17964,0
17965,0
17966,0
17967,0
17968,0
17969,0
17970,0
17971,0
17972,0
17973,1
17974,1
17975,1
17976,0
17977,0
17978,0
17979,0
17980,0
17981,0
17982,0
17983,0
17984,0
17985,1
17986,1
17987,1
17988,0
17989,0
17990,0
17991,0
17992,0
17993,0
17994,0
17995,0
17996,0
17997,0
17998,0
17999,0
18000,0
18001,0
18002,0
18003,0
18004,0
18005,0
18006,0
18007,0
18008,0
18009,0
18010,0
18011,0
18012,0
18013,0
18014,0
18015,0
18016,0
18017,0
18018,0
18019,0
18020,0
18021,0
18022,0
18023,0
18024,0
18025,0
18026,0
18027,0
18028,0
18029,0
18030,0
18031,0
18032,0
18033,0
18034,0
18035,0
18036,0
18037,0
18038,0
18039,0
18040,0
18041,0
18042,0
18043,0
18044,0
18045,0
18046,0
18047,0
18048,0
18049,0
18050,0
18051,0
18052,0
18053,0
18054,0
18055,0
18056,0
18057,0
18058,0
18059,0
18060,0
18061,0
18062,0
18063,0
18064,0
18065,0
18066,1
18067,0
18068,0
18069,0
18070,0
18071,0
18072,0
18073,0
18074,0
18075,0
18076,0
18077,0
18078,0
18079,0
18080,0
18081,0
18082,0
18083,0
18084,0
18085,0
18086,0
18087,0
18088,0
18089,0
18090,0
18091,0
18092,0
18093,0
18094,0
18095,0
18096,0
18097,0
18098,0
18099,0
18100,0
18101,0
18102,0
18103,0
18104,0
18105,0
18106,0
18107,0
18108,0
18109,0
18110,0
18111,0
18112,0
18113,0
18114,0
18115,0
18116,0
18117,0
18118,0
18119,0
18120,0
18121,0
18122,0
18123,0
18124,0
18125,0
18126,0
18127,0
18128,0
18129,1
18130,0
18131,0
18132,0
18133,0
18134,0
18135,1
18136,1
18137,1
18138,0
18139,0
18140,0
18141,0
18142,0
18143,0
18144,0
18145,0
18146,0
18147,0
18148,0
18149,0
18150,0
18151,0
18152,0
18153,1
18154,1
18155,1
18156,0
18157,0
18158,0
18159,0
18160,0
18161,0
18162,0
18163,0
18164,0
18165,0
18166,0
18167,0
18168,1
18169,1
18170,1
18171,0
18172,0
18173,0
18174,0
18175,0
18176,0
18177,0
18178,0
18179,0
18180,0
18181,0
18182,0
18183,0
18184,0
18185,0
18186,0
18187,0
18188,0
18189,0
18190,0
18191,0
18192,0
18193,0
18194,0
18195,0
18196,0
18197,0
18198,0
18199,0
18200,0
18201,0
18202,0
18203,0
18204,0
18205,0
18206,0
18207,0
18208,0
18209,0
18210,0
18211,0
18212,0
18213,0
18214,0
18215,0
18216,0
18217,0
18218,0
18219,0
18220,0
18221,0
18222,0
18223,0
18224,0
18225,0
18226,0
18227,0
18228,0
18229,0
18230,0
18231,0
18232,0
18233,0
18234,0
18235,0
18236,0
18237,0
18238,0
18239,0
18240,0
18241,0
18242,0
18243,0
18244,0
18245,0
18246,0
18247,0
18248,0
18249,0
18250,0
18251,0
18252,0
18253,0
18254,0
18255,0
18256,0
18257,0
18258,1
18259,1
18260,1
18261,0
18262,0
18263,0
18264,0
18265,0
18266,0
18267,0
18268,0
18269,0
18270,0
18271,0
18272,0
18273,0
18274,0
18275,0
18276,0
18277,0
18278,0
18279,0
18280,0
18281,0
18282,0
18283,0
18284,0
18285,0
18286,0
18287,0
18288,0
18289,0
18290,0
18291,0
18292,0
18293,0
18294,0
18295,0
18296,0
18297,0
18298,0
18299,0
18300,0
18301,0
18302,0
18303,0
18304,0
18305,1
18306,0
18307,0
18308,0
18309,0
18310,0
18311,0
18312,0
18313,0
18314,0
18315,0
18316,0
18317,0
18318,0
18319,0
18320,0
18321,0
18322,0
18323,0
18324,0
18325,0
18326,0
18327,0
18328,0
18329,0
18330,0
18331,0
18332,0
18333,0
18334,0
18335,0
18336,0
18337,0
18338,0
18339,0
18340,0
18341,0
18342,0
18343,0
18344,0
18345,0
18346,1
18347,0
18348,0
18349,0
18350,0
18351,0
18352,0
18353,0
18354,0
18355,0
18356,0
18357,0
18358,0
18359,0
18360,0
18361,0
18362,0
18363,0
18364,0
18365,0
18366,0
18367,0
18368,0
18369,0
18370,0
18371,0
18372,0
18373,0
18374,0
18375,0
18376,0
18377,0
18378,0
18379,0
18380,0
18381,0
18382,0
18383,0
18384,0
18385,0
18386,0
18387,0
18388,0
18389,0
18390,0
18391,0
18392,0
18393,0
18394,0
18395,0
18396,0
18397,0
18398,0
18399,0
18400,0
18401,0
18402,0
18403,0
18404,0
18405,0
18406,0
18407,0
18408,0
18409,0
18410,0
18411,0
18412,0
18413,0
18414,0
18415,0
18416,0
18417,0
18418,0
18419,0
18420,0
18421,0
18422,0
18423,0
18424,0
18425,0
18426,0
18427,0
18428,0
18429,0
18430,0
18431,0
18432,0
18433,0
18434,0
18435,0
18436,0
18437,0
18438,0
18439,0
18440,0
18441,0
18442,0
18443,0
18444,0
18445,0
18446,0
18447,0
18448,0
18449,0
18450,0
18451,0
18452,0
18453,0
18454,0
18455,0
18456,0
18457,0
18458,0
18459,0
18460,0
18461,0
18462,1
18463,1
18464,1
18465,0
18466,0
18467,0
18468,0
18469,0
18470,0
18471,0
18472,0
18473,0
18474,0
18475,0
18476,0
18477,0
18478,0
18479,0
18480,0
18481,0
18482,0
18483,0
18484,0
18485,0
18486,0
18487,0
18488,0
18489,0
18490,0
18491,0
18492,0
18493,0
18494,0
18495,0
18496,0
18497,0
18498,0
18499,0
18500,0
18501,0
18502,0
18503,0
18504,0
18505,0
18506,0
18507,0
18508,0
18509,0
18510,1
18511,1
18512,1
18513,0
18514,0
18515,0
18516,0
18517,0
18518,0
18519,0
18520,0
18521,0
18522,0
18523,0
18524,0
18525,0
18526,0
18527,0
18528,0
18529,0
18530,0
18531,0
18532,0
18533,0
18534,1
18535,1
18536,1
18537,0
18538,0
18539,0
18540,0
18541,0
18542,0
18543,0
18544,0
18545,0
18546,1
18547,1
18548,1
18549,0
18550,0
18551,0
18552,0
18553,0
18554,0
18555,0
18556,0
18557,0
18558,1
18559,1
18560,1
18561,0
18562,0
18563,0
18564,0
18565,0
18566,0
18567,0
18568,0
18569,0
18570,0
18571,0
18572,0
18573,0
18574,0
18575,0
18576,0
18577,0
18578,0
18579,0
18580,0
18581,0
18582,0
18583,0
18584,0
18585,0
18586,0
18587,0
18588,0
18589,0
18590,0
18591,0
18592,0
18593,0
18594,0
18595,0
18596,0
18597,0
18598,0
18599,0
18600,0
18601,0
18602,0
18603,0
18604,0
18605,0
18606,0
18607,0
18608,0
18609,0
18610,0
18611,0
18612,0
18613,0
18614,0
18615,0
18616,0
18617,0
18618,0
18619,0
18620,0
18621,0
18622,0
18623,0
18624,0
18625,0
18626,0
18627,0
18628,0
18629,0
18630,1
18631,1
18632,1
18633,0
18634,0
18635,0
18636,0
18637,0
18638,0
18639,0
18640,0
18641,0
18642,0
18643,0
18644,0
18645,0
18646,0
18647,0
18648,0
18649,0
18650,0
18651,0
18652,0
18653,0
18654,0
18655,0
18656,0
18657,0
18658,0
18659,0
18660,0
18661,0
18662,0
18663,0
18664,0
18665,0
18666,0
18667,0
18668,0
18669,0
18670,0
18671,0
18672,1
18673,1
18674,1
18675,0
18676,0
18677,0
18678,0
18679,0
18680,0
18681,0
18682,0
18683,0
18684,1
18685,1
18686,1
18687,0
18688,0
18689,0
18690,0
18691,0
18692,0
18693,0
18694,0
18695,0
18696,0
18697,0
18698,0
18699,0
18700,0
18701,0
18702,0
18703,0
18704,0
18705,0
18706,0
18707,0
18708,0
18709,0
18710,0
18711,0
18712,0
18713,0
18714,0
18715,0
18716,0
18717,0
18718,0
18719,0
18720,0
18721,0
18722,0
18723,0
18724,0
18725,0
18726,0
18727,0
18728,0
18729,0
18730,0
18731,0
18732,0
18733,0
18734,0
18735,0
18736,0
18737,0
18738,0
18739,0
18740,0
18741,0
18742,0
18743,0
18744,0
18745,0
18746,0
18747,0
18748,0
18749,0
18750,0
18751,0
18752,0
18753,0
18754,0
18755,0
18756,0
18757,0
18758,0
18759,0
18760,0
18761,0
18762,0
18763,0
18764,0
18765,0
18766,0
18767,0
18768,0
18769,0
18770,0
18771,0
18772,0
18773,0
18774,0
18775,0
18776,0
18777,0
18778,0
18779,0
18780,0
18781,0
18782,0
18783,0
18784,0
18785,0
18786,0
18787,0
18788,0
18789,0
18790,0
18791,0
18792,0
18793,0
18794,0
18795,0
18796,0
18797,0
18798,0
18799,0
18800,0
18801,0
18802,0
18803,0
18804,0
18805,0
18806,0
18807,0
18808,0
18809,0
18810,0
18811,0
18812,0
18813,0
18814,0
18815,0
18816,0
18817,0
18818,0
18819,0
18820,0
18821,0
18822,0
18823,0
18824,0
18825,0
18826,0
18827,0
18828,0
18829,0
18830,0
18831,0
18832,0
18833,0
18834,0
18835,0
18836,0
18837,0
18838,0
18839,0
18840,0
18841,0
18842,0
18843,0
18844,0
18845,0
18846,0
18847,0
18848,0
18849,0
18850,0
18851,0
18852,0
18853,0
18854,0
18855,0
18856,0
18857,0
18858,0
18859,0
18860,0
18861,0
18862,0
18863,0
18864,0
18865,0
18866,0
18867,0
18868,0
18869,0
18870,0
18871,0
18872,0
18873,0
18874,0
18875,0
18876,0
18877,0
18878,0
18879,0
18880,0
18881,0
18882,0
18883,0
18884,0
18885,0
18886,0
18887,0
18888,0
18889,0
18890,0
18891,0
18892,0
18893,0
18894,0
18895,0
18896,0
18897,1
18898,0
18899,0
18900,0
18901,0
18902,0
18903,0
18904,0
18905,0
18906,0
18907,0
18908,0
18909,0
18910,0
18911,0
18912,0
18913,0
18914,0
18915,0
18916,0
18917,0
18918,0
18919,0
18920,0
18921,0
18922,0
18923,0
18924,0
18925,0
18926,0
18927,1
18928,1
18929,1
18930,0
18931,0
18932,0
18933,0
18934,0
18935,0
18936,0
18937,0
18938,0
18939,0
18940,0
18941,0
18942,0
18943,0
18944,0
18945,0
18946,0
18947,0
18948,0
18949,0
18950,0
18951,0
18952,0
18953,0
18954,0
18955,0
18956,0
18957,0
18958,0
18959,0
18960,0
18961,0
18962,0
18963,0
18964,0
18965,0
18966,0
18967,0
18968,0
18969,0
18970,0
18971,0
18972,0
18973,0
18974,0
18975,0
18976,0
18977,0
18978,0
18979,0
18980,0
18981,0
18982,0
18983,0
18984,0
18985,0
18986,0
18987,0
18988,0
18989,0
18990,0
18991,0
18992,0
18993,0
18994,0
18995,0
18996,0
18997,0
18998,0
18999,0
19000,0
19001,0
19002,0
19003,0
19004,0
19005,0
19006,0
19007,0
19008,0
19009,0
19010,0
19011,0
19012,0
19013,0
19014,0
19015,0
19016,0
19017,0
19018,0
19019,0
19020,0
19021,0
19022,0
19023,0
19024,0
19025,0
19026,0
19027,0
19028,0
19029,1
19030,1
19031,1
19032,0
19033,0
19034,0
19035,0
19036,0
19037,0
19038,0
19039,0
19040,0
19041,0
19042,0
19043,0
19044,0
19045,0
19046,0
19047,0
19048,0
19049,0
19050,0
19051,0
19052,0
19053,0
19054,0
19055,0
19056,0
19057,0
19058,0
19059,0
19060,0
19061,0
19062,0
19063,0
19064,0
19065,0
19066,0
19067,0
19068,0
19069,0
19070,0
19071,0
19072,0
19073,0
19074,0
19075,0
19076,0
19077,0
19078,0
19079,0
19080,0
19081,0
19082,0
19083,0
19084,0
19085,0
19086,0
19087,0
19088,0
19089,0
19090,0
19091,0
19092,0
19093,0
19094,0
19095,0
19096,0
19097,0
19098,0
19099,0
19100,0
19101,0
19102,0
19103,0
19104,0
19105,0
19106,0
19107,0
19108,0
19109,0
19110,0
19111,0
19112,0
19113,0
19114,0
19115,0
19116,1
19117,1
19118,1
19119,0
19120,0
19121,0
19122,0
19123,0
19124,0
19125,0
19126,0
19127,0
19128,0
19129,0
19130,0
19131,0
19132,0
19133,0
19134,0
19135,0
19136,0
19137,0
19138,0
19139,0
19140,0
19141,0
19142,0
19143,0
19144,0
19145,0
19146,0
19147,0
19148,0
19149,0
19150,0
19151,0
19152,0
19153,0
19154,0
19155,0
19156,0
19157,0
19158,0
19159,0
19160,0
19161,0
19162,0
19163,0
19164,0
19165,0
19166,0
19167,0
19168,0
19169,0
19170,0
19171,0
19172,0
19173,0
19174,0
19175,0
19176,0
19177,0
19178,0
19179,0
19180,0
19181,0
19182,1
19183,0
19184,0
19185,0
19186,0
19187,0
19188,0
19189,0
19190,0
19191,0
19192,0
19193,0
19194,0
19195,0
19196,0
19197,0
19198,0
19199,0
19200,0
19201,0
19202,0
19203,0
19204,0
19205,0
19206,0
19207,0
19208,0
19209,0
19210,0
19211,0
19212,0
19213,0
19214,0
19215,0
19216,0
19217,0
19218,0
19219,0
19220,0
19221,1
19222,0
19223,0
19224,0
19225,0
19226,0
19227,0
19228,0
19229,0
19230,0
19231,0
19232,0
19233,0
19234,0
19235,0
19236,0
19237,0
19238,0
19239,0
19240,0
19241,0
19242,0
19243,0
19244,0
19245,0
19246,0
19247,0
19248,0
19249,0
19250,0
19251,0
19252,0
19253,0
19254,1
19255,1
19256,1
19257,0
19258,0
19259,0
19260,0
19261,0
19262,0
19263,0
19264,0
19265,0
19266,0
19267,0
19268,0
19269,0
19270,0
19271,0
19272,0
19273,0
19274,0
19275,0
19276,0
19277,0
19278,0
19279,0
19280,0
19281,0
19282,0
19283,0
19284,0
19285,0
19286,0
19287,0
19288,0
19289,0
19290,0
19291,0
19292,0
19293,0
19294,0
19295,0
19296,0
19297,0
19298,0
19299,0
19300,0
19301,0
19302,0
19303,0
19304,0
19305,0
19306,0
19307,0
19308,1
19309,1
19310,1
19311,0
19312,0
19313,0
19314,0
19315,0
19316,0
19317,0
19318,0
19319,0
19320,0
19321,0
19322,0
19323,0
19324,0
19325,0
19326,0
19327,0
19328,0
19329,0
19330,0
19331,0
19332,0
19333,0
19334,0
19335,0
19336,0
19337,0
19338,0
19339,0
19340,0
19341,0
19342,0
19343,0
19344,0
19345,0
19346,0
19347,0
19348,0
19349,0
19350,0
19351,0
19352,0
19353,0
19354,0
19355,0
19356,0
19357,0
19358,0
19359,0
19360,0
19361,0
19362,0
19363,0
19364,0
19365,0
19366,0
19367,0
19368,0
19369,0
19370,0
19371,0
19372,0
19373,0
19374,0
19375,0
19376,0
19377,1
19378,1
19379,1
19380,0
19381,0
19382,0
19383,0
19384,0
19385,0
19386,0
19387,0
19388,0
19389,0
19390,0
19391,0
19392,0
19393,0
19394,0
19395,0
19396,0
19397,0
19398,0
19399,0
19400,0
19401,0
19402,0
19403,0
19404,0
19405,0
19406,0
19407,0
19408,0
19409,0
19410,0
19411,0
19412,0
19413,0
19414,0
19415,0
19416,0
19417,0
19418,0
19419,0
19420,0
19421,0
19422,0
19423,0
19424,0
19425,0
19426,0
19427,0
19428,0
19429,0
19430,0
19431,0
19432,0
19433,0
19434,0
19435,0
19436,0
19437,0
19438,0
19439,0
19440,0
19441,0
19442,0
19443,0
19444,0
19445,0
19446,0
19447,0
19448,0
19449,0
19450,0
19451,0
19452,0
19453,0
19454,0
19455,0
19456,0
19457,0
19458,1
19459,1
19460,1
19461,0
19462,0
19463,0
19464,0
19465,0
19466,0
19467,0
19468,0
19469,0
19470,0
19471,0
19472,0
19473,0
19474,0
19475,0
19476,0
19477,0
19478,0
19479,0
19480,0
19481,0
19482,0
19483,0
19484,0
19485,0
19486,0
19487,0
19488,0
19489,1
19490,0
19491,0
19492,0
19493,0
19494,0
19495,0
19496,0
19497,0
19498,0
19499,0
19500,0
19501,0
19502,0
19503,0
19504,0
19505,0
19506,0
19507,0
19508,0
19509,0
19510,0
19511,0
19512,0
19513,0
19514,0
19515,0
19516,0
19517,0
19518,0
19519,0
19520,0
19521,0
19522,0
19523,0
19524,0
19525,0
19526,0
19527,0
19528,0
19529,0
19530,0
19531,0
19532,0
19533,0
19534,0
19535,0
19536,0
19537,0
19538,0
19539,0
19540,0
19541,0
19542,0
19543,0
19544,0
19545,0
19546,0
19547,0
19548,0
19549,0
19550,0
19551,0
19552,0
19553,0
19554,0
19555,0
19556,0
19557,0
19558,0
19559,0
19560,0
19561,0
19562,0
19563,0
19564,0
19565,0
19566,0
19567,0
19568,0
19569,0
19570,0
19571,0
19572,0
19573,0
19574,0
19575,0
19576,0
19577,0
19578,0
19579,0
19580,0
19581,0
19582,0
19583,0
19584,0
19585,0
19586,0
19587,0
19588,0
19589,0
19590,0
19591,0
19592,0
19593,0
19594,0
19595,0
19596,0
19597,0
19598,0
19599,0
19600,0
19601,0
19602,0
19603,0
19604,0
19605,0
19606,0
19607,0
19608,0
19609,0
19610,0
19611,0
19612,0
19613,0
19614,0
19615,0
19616,0
19617,0
19618,0
19619,0
19620,0
19621,0
19622,0
19623,0
19624,0
19625,0
19626,0
19627,0
19628,0
19629,0
19630,0
19631,0
19632,0
19633,0
19634,0
19635,0
19636,0
19637,0
19638,0
19639,0
19640,0
19641,0
19642,0
19643,0
19644,0
19645,0
19646,0
19647,0
19648,0
19649,0
19650,0
19651,0
19652,0
19653,1
19654,1
19655,1
19656,0
19657,0
19658,0
19659,0
19660,0
19661,0
19662,0
19663,0
19664,0
19665,0
19666,0
19667,0
19668,0
19669,0
19670,0
19671,0
19672,0
19673,0
19674,0
19675,0
19676,0
19677,0
19678,0
19679,0
19680,0
19681,0
19682,0
19683,0
19684,0
19685,0
19686,0
19687,0
19688,0
19689,0
19690,0
19691,0
19692,0
19693,0
19694,0
19695,0
19696,0
19697,0
19698,0
19699,0
19700,0
19701,0
19702,0
19703,0
19704,0
19705,0
19706,0
19707,0
19708,0
19709,0
19710,0
19711,0
19712,0
19713,0
19714,0
19715,0
19716,0
19717,0
19718,0
19719,1
19720,1
19721,1
19722,0
19723,0
19724,0
19725,0
19726,0
19727,0
19728,0
19729,0
19730,0
19731,0
19732,0
19733,0
19734,0
19735,0
19736,0
19737,0
19738,0
19739,0
19740,0
19741,0
19742,0
19743,0
19744,0
19745,0
19746,0
19747,0
19748,0
19749,0
19750,0
19751,0
19752,0
19753,0
19754,0
19755,0
19756,0
19757,0
19758,0
19759,0
19760,0
19761,0
19762,0
19763,0
19764,0
19765,0
19766,0
19767,0
19768,0
19769,0
19770,0
19771,0
19772,0
19773,0
19774,0
19775,0
19776,0
19777,0
19778,0
19779,0
19780,0
19781,0
19782,0
19783,0
19784,0
19785,0
19786,0
19787,0
19788,0
19789,0
19790,1
19791,0
19792,0
19793,0
19794,0
19795,0
19796,0
19797,0
19798,0
19799,0
19800,0
19801,0
19802,0
19803,0
19804,1
19805,0
19806,0
19807,0
19808,0
19809,0
19810,0
19811,0
19812,0
19813,0
19814,0
19815,0
19816,0
19817,0
19818,0
19819,0
19820,0
19821,0
19822,1
19823,0
19824,0
19825,0
19826,0
19827,0
19828,0
19829,0
19830,0
19831,0
19832,0
19833,0
19834,0
19835,0
19836,0
19837,0
19838,0
19839,0
19840,0
19841,0
19842,0
19843,0
19844,0
19845,0
19846,0
19847,0
19848,0
19849,0
19850,0
19851,0
19852,0
19853,0
19854,0
19855,0
19856,0
19857,0
19858,0
19859,0
19860,0
19861,0
19862,0
19863,0
19864,0
19865,0
19866,0
19867,0
19868,0
19869,0
19870,0
19871,0
19872,0
19873,0
19874,0
19875,0
19876,0
19877,0
19878,0
19879,0
19880,0
19881,0
19882,0
19883,0
19884,0
19885,0
19886,0
19887,0
19888,0
19889,0
19890,0
19891,0
19892,0
19893,0
19894,0
19895,0
19896,0
19897,0
19898,0
19899,1
19900,1
19901,1
19902,0
19903,0
19904,0
19905,0
19906,0
19907,0
19908,0
19909,0
19910,0
19911,0
19912,0
19913,0
19914,0
19915,0
19916,0
19917,0
19918,0
19919,0
19920,0
19921,0
19922,0
19923,0
19924,0
19925,0
19926,0
19927,0
19928,0
19929,0
19930,0
19931,0
19932,0
19933,0
19934,0
19935,0
19936,0
19937,0
19938,0
19939,0
19940,0
19941,1
19942,1
19943,1
19944,0
19945,0
19946,0
19947,0
19948,0
19949,0
19950,0
19951,0
19952,0
19953,0
19954,0
19955,0
19956,0
19957,0
19958,0
19959,0
19960,0
19961,0
19962,0
19963,0
19964,0
19965,0
19966,0
19967,0
19968,0
19969,0
19970,0
19971,0
19972,0
19973,0
19974,0
19975,0
19976,0
19977,0
19978,0
19979,0
19980,0
19981,0
19982,0
19983,1
19984,1
19985,1
19986,0
19987,0
19988,0
19989,0
19990,0
19991,0
19992,0
19993,0
19994,0
19995,0
19996,0
19997,0
19998,0
19999,0
20000,0
20001,0
20002,0
20003,0
20004,0
20005,0
20006,0
20007,0
20008,0
20009,0
20010,0
20011,0
20012,0
20013,0
20014,0
20015,0
20016,0
20017,0
20018,0
20019,0
20020,0
20021,0
20022,0
20023,0
20024,0
20025,0
20026,0
20027,0
20028,0
20029,0
20030,0
20031,0
20032,0
20033,0
20034,0
20035,0
20036,0
20037,0
20038,0
20039,0
20040,0
20041,0
20042,0
20043,0
20044,0
20045,0
20046,0
20047,0
20048,0
20049,0
20050,0
20051,0
20052,0
20053,0
20054,0
20055,0
20056,0
20057,0
20058,0
20059,0
20060,0
20061,0
20062,0
20063,0
20064,0
20065,0
20066,0
20067,0
20068,0
20069,0
20070,0
20071,0
20072,0
20073,0
20074,0
20075,0
20076,0
20077,0
20078,0
20079,0
20080,0
20081,0
20082,1
20083,0
20084,0
20085,0
20086,0
20087,0
20088,0
20089,0
20090,0
20091,0
20092,0
20093,0
20094,0
20095,0
20096,0
20097,0
20098,0
20099,0
20100,0
20101,0
20102,0
20103,0
20104,0
20105,0
20106,0
20107,0
20108,0
20109,0
20110,0
20111,0
20112,0
20113,0
20114,0
20115,0
20116,0
20117,0
20118,0
20119,0
20120,0
20121,0
20122,0
20123,0
20124,0
20125,0
20126,0
20127,0
20128,0
20129,0
20130,0
20131,0
20132,0
20133,0
20134,0
20135,0
20136,0
20137,0
20138,0
20139,0
20140,0
20141,0
20142,0
20143,0
20144,0
20145,0
20146,0
20147,0
20148,0
20149,0
20150,0
20151,0
20152,0
20153,0
20154,0
20155,0
20156,0
20157,0
20158,0
20159,0
20160,0
20161,0
20162,0
20163,0
20164,0
20165,0
20166,0
20167,0
20168,0
20169,0
20170,0
20171,0
20172,0
20173,0
20174,0
20175,0
20176,0
20177,0
20178,1
20179,1
20180,1
20181,1
20182,1
20183,1
20184,0
20185,0
20186,0
20187,0
20188,0
20189,0
20190,0
20191,0
20192,0
20193,0
20194,0
20195,0
20196,0
20197,0
20198,0
20199,0
20200,0
20201,0
20202,0
20203,0
20204,0
20205,0
20206,0
20207,0
20208,0
20209,0
20210,0
20211,0
20212,0
20213,0
20214,0
20215,0
20216,0
20217,0
20218,0
20219,0
20220,0
20221,0
20222,0
20223,0
20224,0
20225,0
20226,0
20227,0
20228,0
20229,0
20230,0
20231,0
20232,0
20233,0
20234,0
20235,0
20236,0
20237,0
20238,0
20239,0
20240,0
20241,0
20242,0
20243,0
20244,0
20245,0
20246,0
20247,1
20248,1
20249,1
20250,0
20251,0
20252,0
20253,0
20254,0
20255,0
20256,0
20257,0
20258,0
20259,0
20260,0
20261,0
20262,0
20263,0
20264,0
20265,0
20266,0
20267,0
20268,0
20269,0
20270,0
20271,0
20272,0
20273,0
20274,0
20275,0
20276,0
20277,0
20278,0
20279,0
20280,0
20281,0
20282,0
20283,0
20284,0
20285,0
20286,0
20287,0
20288,0
20289,0
20290,0
20291,0
20292,0
20293,0
20294,0
20295,1
20296,1
20297,1
20298,0
20299,0
20300,0
20301,0
20302,0
20303,0
20304,0
20305,0
20306,0
20307,0
20308,0
20309,0
20310,0
20311,0
20312,0
20313,0
20314,0
20315,0
20316,0
20317,0
20318,0
20319,0
20320,0
20321,0
20322,0
20323,0
20324,0
20325,0
20326,0
20327,0
20328,0
20329,0
20330,0
20331,0
20332,0
20333,0
20334,0
20335,0
20336,0
20337,0
20338,0
20339,0
20340,0
20341,0
20342,0
20343,0
20344,0
20345,0
20346,0
20347,0
20348,0
20349,0
20350,0
20351,0
20352,0
20353,0
20354,0
20355,0
20356,0
20357,0
20358,0
20359,0
20360,0
20361,0
20362,0
20363,0
20364,0
20365,0
20366,0
20367,1
20368,1
20369,1
20370,0
20371,0
20372,0
20373,0
20374,0
20375,0
20376,0
20377,0
20378,0
20379,0
20380,0
20381,0
20382,0
20383,0
20384,0
20385,0
20386,0
20387,0
20388,0
20389,0
20390,0
20391,1
20392,1
20393,1
20394,0
20395,0
20396,0
20397,0
20398,0
20399,0
20400,0
20401,0
20402,0
20403,0
20404,0
20405,0
20406,0
20407,0
20408,0
20409,0
20410,0
20411,0
20412,0
20413,0
20414,0
20415,0
20416,0
20417,0
20418,0
20419,0
20420,0
20421,0
20422,0
20423,0
20424,0
20425,0
20426,0
20427,0
20428,0
20429,0
20430,0
20431,0
20432,0
20433,0
20434,0
20435,0
20436,0
20437,0
20438,0
20439,0
20440,0
20441,0
20442,0
20443,0
20444,0
20445,0
20446,0
20447,0
20448,0
20449,0
20450,0
20451,0
20452,0
20453,0
20454,0
20455,0
20456,0
20457,0
20458,0
20459,0
20460,0
20461,0
20462,0
20463,0
20464,0
20465,0
20466,0
20467,0
20468,0
20469,1
20470,1
20471,1
20472,0
20473,0
20474,0
20475,0
20476,0
20477,0
20478,0
20479,0
20480,0
20481,0
20482,0
20483,0
20484,0
20485,0
20486,0
20487,0
20488,0
20489,0
20490,0
20491,0
20492,0
20493,0
20494,0
20495,0
20496,0
20497,0
20498,0
20499,0
20500,0
20501,0
20502,0
20503,0
20504,0
20505,1
20506,0
20507,0
20508,0
20509,0
20510,0
20511,0
20512,0
20513,0
20514,0
20515,0
20516,0
20517,0
20518,0
20519,0
20520,0
20521,0
20522,0
20523,0
20524,0
20525,0
20526,0
20527,0
20528,0
20529,0
20530,0
20531,0
20532,0
20533,0
20534,0
20535,0
20536,0
20537,0
20538,0
20539,0
20540,0
20541,0
20542,1
20543,0
20544,0
20545,0
20546,0
20547,0
20548,0
20549,0
20550,0
20551,0
20552,0
20553,0
20554,0
20555,0
20556,0
20557,0
20558,0
20559,0
20560,0
20561,0
20562,0
20563,0
20564,0
20565,0
20566,0
20567,0
20568,0
20569,0
20570,0
20571,0
20572,0
20573,0
20574,0
20575,0
20576,0
20577,0
20578,0
20579,0
20580,0
20581,0
20582,0
20583,0
20584,0
20585,0
20586,0
20587,0
20588,0
20589,0
20590,0
20591,0
20592,0
20593,0
20594,0
20595,0
20596,0
20597,0
20598,0
20599,0
20600,0
20601,0
20602,0
20603,0
20604,0
20605,0
20606,0
20607,0
20608,0
20609,0
20610,0
20611,0
20612,0
20613,0
20614,0
20615,0
20616,0
20617,0
20618,0
20619,0
20620,0
20621,0
20622,0
20623,0
20624,0
20625,0
20626,0
20627,0
20628,0
20629,0
20630,0
20631,0
20632,0
20633,0
20634,0
20635,0
20636,0
20637,0
20638,0
20639,0
20640,0
20641,0
20642,0
20643,0
20644,0
20645,0
20646,0
20647,0
20648,0
20649,0
20650,0
20651,0
20652,0
20653,0
20654,0
20655,0
20656,0
20657,0
20658,0
20659,1
20660,0
20661,0
20662,0
20663,0
20664,0
20665,0
20666,0
20667,0
20668,0
20669,0
20670,0
20671,0
20672,0
20673,0
20674,0
20675,0
20676,0
20677,0
20678,0
20679,0
20680,0
20681,0
20682,0
20683,0
20684,0
20685,0
20686,0
20687,0
20688,0
20689,0
20690,0
20691,0
20692,0
20693,0
20694,0
20695,0
20696,0
20697,0
20698,0
20699,0
20700,0
20701,0
20702,0
20703,0
20704,0
20705,0
20706,0
20707,0
20708,0
20709,0
20710,0
20711,0
20712,0
20713,0
20714,0
20715,0
20716,0
20717,0
20718,1
20719,1
20720,1
20721,0
20722,0
20723,0
20724,0
20725,0
20726,0
20727,1
20728,1
20729,1
20730,0
20731,0
20732,0
20733,0
20734,0
20735,0
20736,0
20737,0
20738,0
20739,0
20740,0
20741,0
20742,0
20743,0
20744,0
20745,0
20746,0
20747,0
20748,0
20749,0
20750,0
20751,0
20752,0
20753,0
20754,0
20755,0
20756,0
20757,0
20758,0
20759,0
20760,0
20761,0
20762,0
20763,0
20764,0
20765,0
20766,0
20767,0
20768,0
20769,0
20770,0
20771,0
20772,0
20773,0
20774,0
20775,0
20776,0
20777,0
20778,0
20779,0
20780,0
20781,0
20782,0
20783,0
20784,0
20785,0
20786,0
20787,0
20788,0
20789,0
20790,0
20791,0
20792,0
20793,0
20794,0
20795,0
20796,0
20797,0
20798,0
20799,0
20800,0
20801,0
20802,0
20803,0
20804,0
20805,0
20806,0
20807,0
20808,0
20809,0
20810,0
20811,0
20812,0
20813,0
20814,0
20815,0
20816,0
20817,0
20818,0
20819,0
20820,0
20821,0
20822,0
20823,0
20824,0
20825,0
20826,0
20827,0
20828,0
20829,0
20830,0
20831,0
20832,1
20833,1
20834,1
20835,0
20836,0
20837,0
20838,0
20839,0
20840,0
20841,0
20842,0
20843,0
20844,0
20845,0
20846,0
20847,0
20848,0
20849,0
20850,0
20851,0
20852,0
20853,0
20854,0
20855,0
20856,0
20857,0
20858,0
20859,0
20860,0
20861,0
20862,0
20863,0
20864,0
20865,0
20866,0
20867,0
20868,0
20869,0
20870,0
20871,0
20872,0
20873,0
20874,0
20875,0
20876,0
20877,0
20878,0
20879,0
20880,0
20881,0
20882,0
20883,0
20884,0
20885,0
20886,0
20887,0
20888,0
20889,0
20890,0
20891,0
20892,1
20893,1
20894,1
20895,0
20896,0
20897,0
20898,0
20899,0
20900,0
20901,0
20902,0
20903,0
20904,0
20905,0
20906,0
20907,0
20908,0
20909,0
20910,0
20911,0
20912,0
20913,0
20914,0
20915,0
20916,0
20917,0
20918,0
20919,0
20920,0
20921,0
20922,0
20923,0
20924,0
20925,0
20926,0
20927,0
20928,0
20929,0
20930,0
20931,0
20932,0
20933,0
20934,0
20935,0
20936,0
20937,0
20938,0
20939,0
20940,0
20941,0
20942,0
20943,0
20944,0
20945,0
20946,0
20947,0
20948,0
20949,0
20950,0
20951,0
20952,0
20953,0
20954,0
20955,0
20956,0
20957,0
20958,0
20959,0
20960,0
20961,0
20962,0
20963,0
20964,0
20965,0
20966,0
20967,0
20968,0
20969,0
20970,0
20971,0
20972,0
20973,0
20974,0
20975,0
20976,0
20977,0
20978,0
20979,0
20980,0
20981,0
20982,0
20983,0
20984,0
20985,0
20986,0
20987,0
20988,0
20989,0
20990,0
20991,0
20992,0
20993,0
20994,0
20995,0
20996,0
20997,0
20998,0
20999,0
21000,0
21001,0
21002,0
21003,0
21004,0
21005,0
21006,0
21007,0
21008,0
21009,0
21010,0
21011,0
21012,0
21013,0
21014,0
21015,0
21016,0
21017,0
21018,0
21019,0
21020,0
21021,0
21022,0
21023,0
21024,0
21025,0
21026,0
21027,0
21028,0
21029,0
21030,0
21031,0
21032,0
21033,0
21034,0
21035,0
21036,0
21037,0
21038,0
21039,0
21040,0
21041,0
21042,0
21043,0
21044,0
21045,0
21046,0
21047,0
21048,1
21049,1
21050,1
21051,0
21052,0
21053,0
21054,0
21055,0
21056,0
21057,0
21058,0
21059,0
21060,0
21061,0
21062,0
21063,0
21064,0
21065,0
21066,0
21067,0
21068,0
21069,0
21070,0
21071,0
21072,0
21073,0
21074,0
21075,0
21076,0
21077,0
21078,0
21079,0
21080,0
21081,0
21082,0
21083,0
21084,0
21085,0
21086,0
21087,0
21088,0
21089,0
21090,0
21091,0
21092,0
21093,0
21094,0
21095,0
21096,0
21097,0
21098,0
21099,0
21100,0
21101,0
21102,0
21103,0
21104,0
21105,0
21106,0
21107,0
21108,0
21109,0
21110,0
21111,0
21112,0
21113,0
21114,0
21115,0
21116,0
21117,0
21118,0
21119,0
21120,1
21121,0
21122,0
21123,0
21124,0
21125,0
21126,0
21127,0
21128,0
21129,0
21130,0
21131,0
21132,0
21133,0
21134,0
21135,0
21136,0
21137,0
21138,0
21139,0
21140,0
21141,0
21142,0
21143,0
21144,0
21145,0
21146,0
21147,0
21148,0
21149,0
21150,0
21151,0
21152,0
21153,0
21154,1
21155,0
21156,0
21157,0
21158,0
21159,1
21160,1
21161,1
21162,0
21163,1
21164,0
21165,0
21166,0
21167,0
21168,0
21169,1
21170,0
21171,0
21172,0
21173,0
21174,0
21175,0
21176,0
21177,1
21178,1
21179,1
21180,0
21181,0
21182,0
21183,0
21184,0
21185,0
21186,0
21187,0
21188,0
21189,0
21190,0
21191,0
21192,0
21193,0
21194,0
21195,0
21196,0
21197,0
21198,0
21199,0
21200,0
21201,0
21202,0
21203,0
21204,0
21205,0
21206,0
21207,0
21208,0
21209,0
21210,0
21211,0
21212,0
21213,0
21214,0
21215,0
21216,0
21217,0
21218,0
21219,0
21220,0
21221,0
21222,0
21223,0
21224,0
21225,0
21226,0
21227,0
21228,0
21229,0
21230,0
21231,0
21232,0
21233,0
21234,0
21235,0
21236,0
21237,0
21238,0
21239,0
21240,0
21241,0
21242,0
21243,0
21244,0
21245,0
21246,0
21247,0
21248,0
21249,0
21250,0
21251,0
21252,0
21253,0
21254,0
21255,0
21256,0
21257,0
21258,0
21259,0
21260,0
21261,0
21262,0
21263,0
21264,0
21265,0
21266,0
21267,0
21268,0
21269,0
21270,0
21271,0
21272,0
21273,0
21274,0
21275,0
21276,0
21277,0
21278,0
21279,0
21280,0
21281,0
21282,0
21283,0
21284,0
21285,0
21286,0
21287,0
21288,0
21289,0
21290,0
21291,0
21292,0
21293,0
21294,0
21295,0
21296,0
21297,0
21298,0
21299,0
21300,0
21301,0
21302,0
21303,0
21304,0
21305,0
21306,0
21307,0
21308,0
21309,0
21310,0
21311,0
21312,0
21313,0
21314,0
21315,0
21316,0
21317,0
21318,0
21319,0
21320,0
21321,0
21322,0
21323,0
21324,0
21325,0
21326,0
21327,0
21328,0
21329,0
21330,0
21331,0
21332,0
21333,0
21334,0
21335,0
21336,0
21337,0
21338,0
21339,0
21340,0
21341,0
21342,0
21343,0
21344,0
21345,0
21346,0
21347,0
21348,0
21349,0
21350,0
21351,0
21352,0
21353,0
21354,0
21355,0
21356,0
21357,0
21358,0
21359,0
21360,0
21361,0
21362,0
21363,0
21364,0
21365,0
21366,0
21367,0
21368,0
21369,0
21370,0
21371,0
21372,0
21373,0
21374,0
21375,0
21376,0
21377,0
21378,0
21379,0
21380,0
21381,0
21382,0
21383,0
21384,0
21385,0
21386,0
21387,0
21388,0
21389,0
21390,0
21391,0
21392,0
21393,0
21394,0
21395,0
21396,1
21397,0
21398,0
21399,0
21400,0
21401,0
21402,0
21403,0
21404,0
21405,0
21406,0
21407,0
21408,0
21409,0
21410,0
21411,0
21412,0
21413,0
21414,0
21415,0
21416,0
21417,0
21418,0
21419,0
21420,0
21421,0
21422,0
21423,0
21424,0
21425,0
21426,1
21427,0
21428,0
21429,0
21430,0
21431,0
21432,1
21433,0
21434,0
21435,0
21436,0
21437,0
21438,0
21439,0
21440,0
21441,0
21442,0
21443,0
21444,0
21445,0
21446,0
21447,0
21448,0
21449,0
21450,0
21451,0
21452,0
21453,0
21454,0
21455,0
21456,0
21457,0
21458,0
21459,0
21460,0
21461,0
21462,0
21463,0
21464,0
21465,0
21466,0
21467,0
21468,0
21469,0
21470,0
21471,0
21472,0
21473,0
21474,0
21475,0
21476,0
21477,0
21478,0
21479,0
21480,0
21481,0
21482,1
21483,0
21484,0
21485,0
21486,0
21487,0
21488,0
21489,0
21490,0
21491,0
21492,0
21493,0
21494,0
21495,0
21496,0
21497,0
21498,0
21499,0
21500,0
21501,0
21502,0
21503,0
21504,0
21505,0
21506,0
21507,0
21508,0
21509,0
21510,0
21511,0
21512,0
21513,0
21514,0
21515,0
21516,0
21517,0
21518,0
21519,0
21520,0
21521,0
21522,0
21523,0
21524,0
21525,0
21526,0
21527,0
21528,0
21529,0
21530,0
21531,0
21532,0
21533,0
21534,0
21535,0
21536,0
21537,0
21538,0
21539,0
21540,0
21541,0
21542,0
21543,0
21544,0
21545,0
21546,0
21547,0
21548,0
21549,0
21550,0
21551,0
21552,0
21553,0
21554,0
21555,0
21556,0
21557,0
21558,0
21559,0
21560,0
21561,0
21562,0
21563,0
21564,0
21565,0
21566,0
21567,0
21568,0
21569,0
21570,0
21571,0
21572,0
21573,0
21574,0
21575,0
21576,0
21577,0
21578,0
21579,0
21580,0
21581,0
21582,0
21583,0
21584,0
21585,0
21586,0
21587,0
21588,0
21589,0
21590,0
21591,0
21592,0
21593,0
21594,0
21595,0
21596,0
21597,0
21598,0
21599,0
21600,0
21601,0
21602,0
21603,0
21604,0
21605,0
21606,0
21607,0
21608,0
21609,1
21610,1
21611,1
21612,0
21613,0
21614,0
21615,0
21616,0
21617,0
21618,0
21619,0
21620,0
21621,0
21622,0
21623,0
21624,0
21625,0
21626,0
21627,0
21628,0
21629,0
21630,0
21631,0
21632,0
21633,0
21634,0
21635,0
21636,0
21637,0
21638,0
21639,0
21640,0
21641,0
21642,0
21643,0
21644,0
21645,0
21646,0
21647,0
21648,0
21649,0
21650,0
21651,0
21652,0
21653,0
21654,0
21655,0
21656,0
21657,0
21658,0
21659,0
21660,0
21661,0
21662,0
21663,0
21664,0
21665,0
21666,0
21667,0
21668,0
21669,0
21670,0
21671,0
21672,0
21673,0
21674,0
21675,0
21676,0
21677,0
21678,0
21679,0
21680,0
21681,0
21682,0
21683,0
21684,0
21685,0
21686,0
21687,0
21688,0
21689,0
21690,1
21691,1
21692,1
21693,0
21694,0
21695,0
21696,0
21697,0
21698,0
21699,0
21700,0
21701,0
21702,0
21703,0
21704,0
21705,0
21706,0
21707,0
21708,0
21709,0
21710,0
21711,0
21712,0
21713,0
21714,0
21715,0
21716,0
21717,0
21718,0
21719,0
21720,0
21721,0
21722,0
21723,0
21724,0
21725,0
21726,0
21727,0
21728,0
21729,0
21730,0
21731,0
21732,0
21733,0
21734,0
21735,0
21736,0
21737,0
21738,0
21739,0
21740,0
21741,0
21742,0
21743,0
21744,0
21745,0
21746,0
21747,0
21748,0
21749,0
21750,0
21751,0
21752,0
21753,0
21754,0
21755,0
21756,0
21757,0
21758,0
21759,0
21760,0
21761,0
21762,0
21763,0
21764,0
21765,0
21766,0
21767,0
21768,0
21769,0
21770,0
21771,0
21772,0
21773,0
21774,0
21775,0
21776,0
21777,0
21778,0
21779,0
21780,0
21781,0
21782,0
21783,0
21784,0
21785,0
21786,0
21787,0
21788,0
21789,0
21790,0
21791,0
21792,0
21793,0
21794,0
21795,0
21796,0
21797,0
21798,0
21799,0
21800,0
21801,0
21802,0
21803,0
21804,0
21805,0
21806,0
21807,0
21808,0
21809,0
21810,0
21811,0
21812,0
21813,0
21814,0
21815,0
21816,0
21817,0
21818,0
21819,0
21820,0
21821,0
21822,0
21823,0
21824,0
21825,0
21826,0
21827,0
21828,0
21829,0
21830,0
21831,0
21832,0
21833,0
21834,0
21835,0
21836,0
21837,0
21838,0
21839,0
21840,0
21841,0
21842,0
21843,0
21844,0
21845,0
21846,0
21847,0
21848,0
21849,0
21850,0
21851,0
21852,0
21853,0
21854,0
21855,0
21856,0
21857,0
21858,0
21859,0
21860,0
21861,0
21862,0
21863,0
21864,0
21865,0
21866,0
21867,0
21868,0
21869,0
21870,0
21871,0
21872,0
21873,0
21874,0
21875,0
21876,0
21877,0
21878,0
21879,0
21880,0
21881,0
21882,0
21883,1
21884,0
21885,0
21886,0
21887,0
21888,0
21889,0
21890,0
21891,0
21892,0
21893,0
21894,0
21895,0
21896,0
21897,0
21898,0
21899,0
21900,0
21901,0
21902,0
21903,0
21904,0
21905,0
21906,0
21907,0
21908,0
21909,0
21910,0
21911,0
21912,0
21913,0
21914,0
21915,0
21916,0
21917,0
21918,0
21919,0
21920,0
21921,0
21922,0
21923,0
21924,0
21925,0
21926,0
21927,1
21928,1
21929,1
21930,0
21931,0
21932,0
21933,0
21934,0
21935,0
21936,0
21937,0
21938,0
21939,0
21940,0
21941,0
21942,0
21943,0
21944,0
21945,0
21946,0
21947,0
21948,0
21949,0
21950,0
21951,0
21952,0
21953,0
21954,0
21955,0
21956,0
21957,0
21958,0
21959,0
21960,0
21961,0
21962,0
21963,0
21964,0
21965,0
21966,0
21967,0
21968,0
21969,0
21970,0
21971,0
21972,0
21973,0
21974,0
21975,1
21976,1
21977,1
21978,0
21979,0
21980,0
21981,0
21982,0
21983,0
21984,0
21985,0
21986,0
21987,0
21988,0
21989,0
21990,0
21991,0
21992,0
21993,0
21994,0
21995,0
21996,0
21997,1
21998,0
21999,0
22000,0
22001,0
22002,0
22003,0
22004,0
22005,0
22006,0
22007,0
22008,0
22009,0
22010,0
22011,0
22012,0
22013,0
22014,0
22015,0
22016,0
22017,0
22018,0
22019,0
22020,0
22021,0
22022,0
22023,0
22024,0
22025,1
22026,0
22027,0
22028,0
22029,0
22030,0
22031,0
22032,0
22033,0
22034,0
22035,0
22036,0
22037,0
22038,0
22039,0
22040,0
22041,0
22042,0
22043,0
22044,0
22045,0
22046,0
22047,0
22048,0
22049,0
22050,0
22051,0
22052,0
22053,0
22054,0
22055,0
22056,0
22057,0
22058,0
22059,1
22060,0
22061,0
22062,1
22063,1
22064,1
22065,0
22066,0
22067,0
22068,0
22069,0
22070,0
22071,1
22072,0
22073,0
22074,0
22075,0
22076,0
22077,0
22078,0
22079,0
22080,0
22081,0
22082,0
22083,0
22084,1
22085,0
22086,0
22087,0
22088,0
22089,0
22090,0
22091,0
22092,0
22093,0
22094,0
22095,0
22096,0
22097,0
22098,0
22099,0
22100,0
22101,1
22102,1
22103,1
22104,0
22105,0
22106,0
22107,0
22108,0
22109,0
22110,0
22111,0
22112,0
22113,0
22114,0
22115,0
22116,0
22117,0
22118,0
22119,0
22120,0
22121,0
22122,0
22123,0
22124,0
22125,0
22126,0
22127,0
22128,0
22129,0
22130,0
22131,0
22132,0
22133,0
22134,0
22135,0
22136,0
22137,0
22138,0
22139,0
22140,0
22141,0
22142,0
22143,0
22144,0
22145,0
22146,0
22147,1
22148,0
22149,0
22150,0
22151,0
22152,0
22153,0
22154,0
22155,0
22156,0
22157,0
22158,0
22159,0
22160,0
22161,0
22162,0
22163,0
22164,0
22165,1
22166,0
22167,0
22168,0
22169,0
22170,0
22171,0
22172,0
22173,0
22174,0
22175,0
22176,0
22177,0
22178,0
22179,0
22180,0
22181,0
22182,0
22183,0
22184,0
22185,0
22186,0
22187,0
22188,0
22189,0
22190,0
22191,0
22192,0
22193,0
22194,0
22195,0
22196,0
22197,1
22198,1
22199,1
22200,0
22201,0
22202,0
22203,0
22204,0
22205,0
22206,0
22207,0
22208,0
22209,0
22210,0
22211,0
22212,0
22213,0
22214,0
22215,0
22216,0
22217,0
22218,0
22219,0
22220,0
22221,0
22222,0
22223,0
22224,0
22225,0
22226,0
22227,0
22228,0
22229,0
22230,0
22231,0
22232,0
22233,0
22234,0
22235,0
22236,0
22237,0
22238,0
22239,0
22240,0
22241,0
22242,0
22243,0
22244,0
22245,0
22246,1
22247,0
22248,0
22249,0
22250,0
22251,0
22252,0
22253,0
22254,0
22255,0
22256,0
22257,0
22258,0
22259,0
22260,0
22261,0
22262,0
22263,0
22264,0
22265,0
22266,0
22267,0
22268,0
22269,0
22270,0
22271,0
22272,1
22273,1
22274,1
22275,0
22276,0
22277,0
22278,0
22279,0
22280,0
22281,0
22282,0
22283,0
22284,0
22285,0
22286,0
22287,0
22288,0
22289,0
22290,0
22291,0
22292,0
22293,1
22294,0
22295,0
22296,0
22297,0
22298,0
22299,0
22300,0
22301,0
22302,0
22303,0
22304,0
22305,0
22306,0
22307,0
22308,0
22309,0
22310,0
22311,1
22312,1
22313,1
22314,0
22315,0
22316,0
22317,0
22318,0
22319,0
22320,0
22321,0
22322,0
22323,0
22324,0
22325,0
22326,0
22327,0
22328,0
22329,0
22330,0
22331,0
22332,0
22333,0
22334,0
22335,0
22336,0
22337,0
22338,0
22339,0
22340,0
22341,0
22342,0
22343,0
22344,0
22345,0
22346,0
22347,0
22348,0
22349,0
22350,0
22351,0
22352,0
22353,0
22354,0
22355,0
22356,0
22357,0
22358,0
22359,0
22360,0
22361,0
22362,0
22363,0
22364,0
22365,0
22366,0
22367,0
22368,0
22369,0
22370,0
22371,0
22372,0
22373,0
22374,0
22375,0
22376,0
22377,0
22378,0
22379,0
22380,0
22381,0
22382,0
22383,0
22384,0
22385,0
22386,0
22387,0
22388,0
22389,0
22390,0
22391,0
22392,0
22393,0
22394,0
22395,0
22396,0
22397,0
22398,0
22399,0
22400,0
22401,0
22402,0
22403,0
22404,0
22405,0
22406,0
22407,0
22408,0
22409,0
22410,0
22411,0
22412,0
22413,1
22414,1
22415,1
22416,1
22417,0
22418,0
22419,0
22420,0
22421,0
22422,1
22423,1
22424,1
22425,0
22426,0
22427,0
22428,0
22429,0
22430,0
22431,0
22432,0
22433,0
22434,0
22435,0
22436,0
22437,0
22438,0
22439,0
22440,0
22441,0
22442,0
22443,0
22444,0
22445,0
22446,0
22447,0
22448,0
22449,0
22450,0
22451,0
22452,0
22453,0
22454,0
22455,1
22456,0
22457,0
22458,0
22459,0
22460,0
22461,0
22462,0
22463,0
22464,0
22465,0
22466,0
22467,0
22468,0
22469,0
22470,0
22471,0
22472,0
22473,0
22474,0
22475,0
22476,0
22477,0
22478,0
22479,0
22480,0
22481,0
22482,0
22483,0
22484,0
22485,0
22486,0
22487,0
22488,1
22489,1
22490,1
22491,0
22492,0
22493,0
22494,0
22495,0
22496,0
22497,0
22498,0
22499,0
22500,0
22501,0
22502,0
22503,0
22504,0
22505,0
22506,0
22507,0
22508,0
22509,0
22510,0
22511,0
22512,0
22513,0
22514,0
22515,0
22516,0
22517,0
22518,0
22519,0
22520,0
22521,0
22522,0
22523,0
22524,0
22525,0
22526,0
22527,0
22528,0
22529,0
22530,0
22531,0
22532,0
22533,0
22534,0
22535,0
22536,0
22537,0
22538,0
22539,0
22540,0
22541,0
22542,0
22543,0
22544,0
22545,0
22546,0
22547,0
22548,0
22549,0
22550,0
22551,0
22552,0
22553,0
22554,1
22555,1
22556,1
22557,0
22558,0
22559,0
22560,0
22561,0
22562,0
22563,0
22564,0
22565,0
22566,0
22567,0
22568,0
22569,0
22570,0
22571,0
22572,0
22573,0
22574,0
22575,0
22576,0
22577,0
22578,0
22579,0
22580,0
22581,0
22582,0
22583,0
22584,0
22585,0
22586,0
22587,0
22588,0
22589,0
22590,0
22591,0
22592,0
22593,0
22594,0
22595,0
22596,0
22597,0
22598,0
22599,0
22600,0
22601,0
22602,0
22603,0
22604,0
22605,0
22606,0
22607,0
22608,0
22609,0
22610,0
22611,0
22612,0
22613,0
22614,0
22615,0
22616,0
22617,0
22618,0
22619,0
22620,0
22621,0
22622,0
22623,0
22624,0
22625,0
22626,0
22627,0
22628,0
22629,0
22630,0
22631,0
22632,0
22633,0
22634,0
22635,0
22636,0
22637,0
22638,0
22639,0
22640,0
22641,0
22642,0
22643,0
22644,0
22645,0
22646,0
22647,0
22648,0
22649,0
22650,0
22651,0
22652,0
22653,0
22654,0
22655,0
22656,0
22657,0
22658,0
22659,0
22660,0
22661,0
22662,0
22663,0
22664,0
22665,0
22666,0
22667,0
22668,0
22669,0
22670,0
22671,0
22672,0
22673,0
22674,0
22675,0
22676,0
22677,0
22678,0
22679,0
22680,0
22681,0
22682,0
22683,0
22684,0
22685,0
22686,0
22687,0
22688,0
22689,0
22690,0
22691,0
22692,0
22693,0
22694,0
22695,0
22696,0
22697,0
22698,0
22699,0
22700,0
22701,0
22702,0
22703,0
22704,0
22705,0
22706,0
22707,0
22708,0
22709,0
22710,0
22711,0
22712,0
22713,0
22714,0
22715,0
22716,0
22717,0
22718,0
22719,0
22720,0
22721,0
22722,0
22723,0
22724,0
22725,0
22726,0
22727,0
22728,0
22729,0
22730,0
22731,0
22732,0
22733,0
22734,0
22735,0
22736,0
22737,0
22738,0
22739,0
22740,0
22741,0
22742,0
22743,0
22744,0
22745,0
22746,0
22747,0
22748,0
22749,0
22750,0
22751,0
22752,0
22753,0
22754,0
22755,0
22756,0
22757,0
22758,0
22759,0
22760,0
22761,0
22762,0
22763,0
22764,0
22765,0
22766,0
22767,0
22768,0
22769,0
22770,0
22771,0
22772,0
22773,0
22774,0
22775,0
22776,0
22777,0
22778,0
22779,0
22780,0
22781,0
22782,0
22783,0
22784,0
22785,0
22786,0
22787,0
22788,0
22789,0
22790,0
22791,0
22792,0
22793,0
22794,1
22795,1
22796,1
22797,0
22798,0
22799,0
22800,0
22801,0
22802,0
22803,1
22804,0
22805,0
22806,0
22807,0
22808,0
22809,0
22810,0
22811,0
22812,0
22813,0
22814,0
22815,0
22816,0
22817,0
22818,0
22819,0
22820,0
22821,1
22822,1
22823,1
22824,0
22825,0
22826,0
22827,1
22828,1
22829,1
22830,0
22831,0
22832,0
22833,0
22834,0
22835,0
22836,0
22837,1
22838,0
22839,0
22840,0
22841,0
22842,0
22843,0
22844,0
22845,0
22846,0
22847,0
22848,0
22849,0
22850,0
22851,0
22852,0
22853,0
22854,0
22855,0
22856,0
22857,0
22858,0
22859,0
22860,0
22861,0
22862,0
22863,0
22864,0
22865,0
22866,0
22867,0
22868,0
22869,0
22870,0
22871,0
22872,0
22873,0
22874,0
22875,0
22876,0
22877,0
22878,0
22879,0
22880,0
22881,1
22882,1
22883,1
22884,0
22885,0
22886,0
22887,0
22888,0
22889,0
22890,0
22891,0
22892,0
22893,0
22894,0
22895,0
22896,0
22897,0
22898,0
22899,0
22900,0
22901,0
22902,0
22903,0
22904,0
22905,0
22906,0
22907,0
22908,0
22909,0
22910,0
22911,0
22912,0
22913,0
22914,0
22915,0
22916,0
22917,0
22918,0
22919,0
22920,0
22921,0
22922,0
22923,0
22924,0
22925,0
22926,0
22927,0
22928,0
22929,0
22930,0
22931,0
22932,0
22933,0
22934,0
22935,0
22936,0
22937,0
22938,1
22939,1
22940,1
22941,0
22942,0
22943,0
22944,0
22945,0
22946,0
22947,0
22948,0
22949,0
22950,0
22951,0
22952,0
22953,0
22954,0
22955,0
22956,0
22957,0
22958,0
22959,0
22960,0
22961,0
22962,0
22963,0
22964,0
22965,0
22966,0
22967,0
22968,1
22969,0
22970,0
22971,0
22972,0
22973,0
22974,0
22975,0
22976,0
22977,0
22978,0
22979,0
22980,0
22981,0
22982,0
22983,0
22984,0
22985,0
22986,0
22987,0
22988,0
22989,0
22990,0
22991,0
22992,0
22993,0
22994,0
22995,0
22996,0
22997,0
22998,1
22999,1
23000,1
23001,0
23002,0
23003,0
23004,0
23005,0
23006,0
23007,0
23008,0
23009,0
23010,0
23011,0
23012,0
23013,0
23014,0
23015,0
23016,0
23017,0
23018,0
23019,0
23020,0
23021,0
23022,0
23023,0
23024,0
23025,0
23026,0
23027,0
23028,0
23029,0
23030,0
23031,0
23032,0
23033,0
23034,0
23035,0
23036,0
23037,0
23038,0
23039,0
23040,0
23041,0
23042,0
23043,0
23044,0
23045,0
23046,0
23047,0
23048,0
23049,0
23050,0
23051,0
23052,0
23053,0
23054,0
23055,0
23056,0
23057,0
23058,0
23059,0
23060,0
23061,0
23062,0
23063,0
23064,0
23065,0
23066,0
23067,0
23068,0
23069,0
23070,0
23071,0
23072,0
23073,1
23074,1
23075,1
23076,0
23077,0
23078,0
23079,0
23080,0
23081,0
23082,0
23083,0
23084,0
23085,0
23086,0
23087,0
23088,0
23089,0
23090,0
23091,0
23092,0
23093,0
23094,0
23095,0
23096,0
23097,0
23098,0
23099,0
23100,0
23101,0
23102,0
23103,0
23104,0
23105,0
23106,0
23107,0
23108,0
23109,0
23110,0
23111,0
23112,0
23113,0
23114,0
23115,0
23116,0
23117,0
23118,0
23119,0
23120,0
23121,0
23122,0
23123,0
23124,0
23125,0
23126,0
23127,0
23128,0
23129,0
23130,0
23131,0
23132,0
23133,0
23134,0
23135,0
23136,0
23137,0
23138,0
23139,0
23140,0
23141,0
23142,0
23143,0
23144,0
23145,0
23146,0
23147,0
23148,0
23149,0
23150,0
23151,0
23152,0
23153,0
23154,0
23155,0
23156,0
23157,0
23158,0
23159,0
23160,0
23161,0
23162,0
23163,0
23164,0
23165,0
23166,0
23167,0
23168,0
23169,0
23170,0
23171,0
23172,0
23173,0
23174,0
23175,0
23176,0
23177,0
23178,0
23179,0
23180,0
23181,0
23182,0
23183,0
23184,0
23185,0
23186,0
23187,0
23188,0
23189,0
23190,0
23191,0
23192,0
23193,0
23194,0
23195,0
23196,0
23197,0
23198,0
23199,0
23200,0
23201,0
23202,0
23203,0
23204,0
23205,0
23206,0
23207,0
23208,0
23209,0
23210,0
23211,0
23212,0
23213,0
23214,0
23215,0
23216,0
23217,0
23218,0
23219,0
23220,0
23221,0
23222,0
23223,0
23224,0
23225,0
23226,0
23227,0
23228,0
23229,0
23230,0
23231,0
23232,1
23233,1
23234,1
23235,0
23236,0
23237,0
23238,0
23239,0
23240,0
23241,0
23242,0
23243,0
23244,0
23245,0
23246,0
23247,0
23248,0
23249,0
23250,0
23251,0
23252,0
23253,1
23254,1
23255,1
23256,0
23257,0
23258,0
23259,0
23260,0
23261,0
23262,0
23263,0
23264,0
23265,0
23266,0
23267,0
23268,0
23269,0
23270,0
23271,1
23272,1
23273,1
23274,0
23275,0
23276,0
23277,0
23278,0
23279,0
23280,1
23281,1
23282,1
23283,0
23284,0
23285,0
23286,1
23287,1
23288,1
23289,0
23290,0
23291,0
23292,0
23293,0
23294,0
23295,0
23296,0
23297,0
23298,0
23299,0
23300,0
23301,0
23302,0
23303,0
23304,0
23305,0
23306,0
23307,0
23308,0
23309,0
23310,0
23311,0
23312,0
23313,1
23314,0
23315,0
23316,0
23317,0
23318,0
23319,0
23320,0
23321,0
23322,1
23323,1
23324,1
23325,0
23326,0
23327,0
23328,0
23329,0
23330,0
23331,0
23332,0
23333,0
23334,0
23335,0
23336,0
23337,0
23338,0
23339,0
23340,0
23341,0
23342,0
23343,0
23344,0
23345,0
23346,0
23347,0
23348,0
23349,0
23350,0
23351,0
23352,0
23353,1
23354,0
23355,0
23356,0
23357,0
23358,0
23359,0
23360,0
23361,0
23362,0
23363,0
23364,0
23365,0
23366,0
23367,0
23368,0
23369,0
23370,0
23371,0
23372,0
23373,0
23374,0
23375,0
23376,0
23377,0
23378,0
23379,0
23380,0
23381,0
23382,0
23383,0
23384,0
23385,0
23386,0
23387,0
23388,0
23389,0
23390,0
23391,0
23392,0
23393,0
23394,0
23395,0
23396,0
23397,0
23398,0
23399,0
23400,0
23401,0
23402,0
23403,0
23404,0
23405,0
23406,0
23407,0
23408,0
23409,0
23410,0
23411,0
23412,0
23413,0
23414,0
23415,0
23416,0
23417,0
23418,0
23419,0
23420,0
23421,0
23422,0
23423,0
23424,0
23425,0
23426,0
23427,0
23428,0
23429,0
23430,0
23431,0
23432,0
23433,0
23434,0
23435,0
23436,0
23437,0
23438,0
23439,0
23440,0
23441,0
23442,0
23443,0
23444,0
23445,0
23446,0
23447,0
23448,0
23449,0
23450,0
23451,0
23452,0
23453,0
23454,0
23455,0
23456,0
23457,0
23458,0
23459,0
23460,0
23461,0
23462,0
23463,0
23464,0
23465,0
23466,1
23467,1
23468,1
23469,0
23470,0
23471,0
23472,0
23473,0
23474,0
23475,0
23476,0
23477,0
23478,0
23479,0
23480,0
23481,0
23482,0
23483,0
23484,0
23485,0
23486,0
23487,0
23488,0
23489,0
23490,0
23491,0
23492,0
23493,0
23494,0
23495,0
23496,0
23497,0
23498,0
23499,0
23500,0
23501,0
23502,0
23503,0
23504,0
23505,0
23506,0
23507,0
23508,1
23509,1
23510,1
23511,0
23512,0
23513,0
23514,0
23515,0
23516,0
23517,0
23518,0
23519,0
23520,0
23521,0
23522,0
23523,0
23524,0
23525,0
23526,0
23527,0
23528,0
23529,0
23530,0
23531,0
23532,0
23533,0
23534,0
23535,0
23536,0
23537,0
23538,1
23539,1
23540,1
23541,0
23542,0
23543,0
23544,0
23545,0
23546,0
23547,0
23548,0
23549,0
23550,0
23551,0
23552,0
23553,0
23554,0
23555,0
23556,0
23557,0
23558,0
23559,0
23560,0
23561,0
23562,0
23563,0
23564,0
23565,0
23566,0
23567,0
23568,1
23569,1
23570,1
23571,0
23572,0
23573,0
23574,0
23575,0
23576,0
23577,0
23578,0
23579,0
23580,0
23581,0
23582,0
23583,0
23584,0
23585,0
23586,0
23587,0
23588,0
23589,0
23590,0
23591,0
23592,0
23593,0
23594,0
23595,0
23596,0
23597,0
23598,0
23599,0
23600,0
23601,0
23602,0
23603,0
23604,0
23605,0
23606,0
23607,0
23608,0
23609,0
23610,0
23611,0
23612,0
23613,0
23614,0
23615,0
23616,0
23617,0
23618,0
23619,0
23620,0
23621,0
23622,0
23623,0
23624,0
23625,0
23626,0
23627,0
23628,0
23629,0
23630,0
23631,0
23632,0
23633,0
23634,0
23635,0
23636,0
23637,0
23638,0
23639,0
23640,0
23641,0
23642,0
23643,0
23644,0
23645,0
23646,0
23647,0
23648,0
23649,0
23650,0
23651,0
23652,0
23653,0
23654,0
23655,0
23656,0
23657,0
23658,0
23659,0
23660,0
23661,0
23662,0
23663,0
23664,0
23665,0
23666,0
23667,0
23668,0
23669,0
23670,0
23671,0
23672,0
23673,0
23674,0
23675,0
23676,0
23677,0
23678,0
23679,0
23680,0
23681,0
23682,0
23683,0
23684,0
23685,0
23686,0
23687,0
23688,0
23689,0
23690,0
23691,0
23692,0
23693,0
23694,0
23695,0
23696,0
23697,0
23698,0
23699,0
23700,0
23701,0
23702,0
23703,1
23704,1
23705,1
23706,0
23707,0
23708,0
23709,0
23710,0
23711,0
23712,0
23713,0
23714,0
23715,0
23716,0
23717,0
23718,0
23719,0
23720,0
23721,0
23722,0
23723,0
23724,0
23725,0
23726,0
23727,0
23728,0
23729,0
23730,0
23731,0
23732,0
23733,0
23734,0
23735,0
23736,0
23737,0
23738,0
23739,0
23740,0
23741,0
23742,0
23743,0
23744,0
23745,0
23746,0
23747,0
23748,0
23749,0
23750,0
23751,0
23752,0
23753,0
23754,0
23755,0
23756,0
23757,0
23758,0
23759,0
23760,0
23761,0
23762,0
23763,0
23764,0
23765,0
23766,0
23767,0
23768,0
23769,0
23770,0
23771,0
23772,0
23773,0
23774,0
23775,0
23776,0
23777,0
23778,0
23779,0
23780,0
23781,0
23782,0
23783,0
23784,0
23785,0
23786,0
23787,1
23788,1
23789,1
23790,0
23791,0
23792,0
23793,0
23794,0
23795,0
23796,0
23797,0
23798,0
23799,0
23800,0
23801,0
23802,0
23803,0
23804,0
23805,0
23806,0
23807,0
23808,0
23809,0
23810,0
23811,0
23812,0
23813,0
23814,0
23815,0
23816,0
23817,0
23818,0
23819,0
23820,0
23821,0
23822,0
23823,0
23824,0
23825,0
23826,0
23827,0
23828,0
23829,0
23830,0
23831,0
23832,0
23833,0
23834,0
23835,0
23836,0
23837,0
23838,0
23839,0
23840,0
23841,0
23842,0
23843,0
23844,0
23845,0
23846,0
23847,0
23848,0
23849,0
23850,0
23851,0
23852,0
23853,0
23854,0
23855,0
23856,0
23857,0
23858,0
23859,0
23860,0
23861,0
23862,0
23863,0
23864,0
23865,0
23866,0
23867,0
23868,0
23869,0
23870,0
23871,0
23872,0
23873,0
23874,0
23875,0
23876,0
23877,0
23878,0
23879,0
23880,0
23881,0
23882,0
23883,0
23884,0
23885,0
23886,0
23887,0
23888,0
23889,0
23890,0
23891,0
23892,0
23893,0
23894,0
23895,0
23896,0
23897,0
23898,0
23899,0
23900,0
23901,1
23902,1
23903,1
23904,0
23905,0
23906,0
23907,0
23908,0
23909,0
23910,0
23911,0
23912,0
23913,0
23914,0
23915,0
23916,0
23917,0
23918,0
23919,0
23920,0
23921,0
23922,0
23923,0
23924,0
23925,0
23926,0
23927,0
23928,0
23929,0
23930,0
23931,0
23932,0
23933,0
23934,0
23935,0
23936,0
23937,0
23938,0
23939,0
23940,0
23941,0
23942,0
23943,0
23944,0
23945,0
23946,0
23947,0
23948,0
23949,0
23950,0
23951,0
23952,0
23953,0
23954,0
23955,0
23956,0
23957,0
23958,0
23959,0
23960,0
23961,0
23962,0
23963,0
23964,1
23965,0
23966,0
23967,0
23968,0
23969,0
23970,0
23971,0
23972,0
23973,0
23974,0
23975,0
23976,0
23977,0
23978,0
23979,0
23980,0
23981,0
23982,0
23983,0
23984,0
23985,0
23986,0
23987,0
23988,0
23989,0
23990,0
23991,0
23992,0
23993,0
23994,0
23995,0
23996,0
23997,0
23998,0
23999,0
24000,0
24001,0
24002,0
24003,0
24004,0
24005,0
24006,0
24007,0
24008,0
24009,0
24010,0
24011,0
24012,0
24013,0
24014,0
24015,0
24016,0
24017,0
24018,0
24019,0
24020,0
24021,0
24022,0
24023,0
24024,0
24025,0
24026,0
24027,0
24028,0
24029,0
24030,0
24031,0
24032,0
24033,0
24034,0
24035,0
24036,0
24037,0
24038,0
24039,0
24040,0
24041,0
24042,0
24043,0
24044,0
24045,0
24046,0
24047,0
24048,0
24049,0
24050,0
24051,0
24052,0
24053,0
24054,0
24055,0
24056,0
24057,0
24058,0
24059,0
24060,0
24061,0
24062,0
24063,0
24064,0
24065,0
24066,0
24067,0
24068,0
24069,0
24070,0
24071,0
24072,0
24073,0
24074,0
24075,0
24076,0
24077,0
24078,0
24079,0
24080,0
24081,0
24082,0
24083,0
24084,0
24085,0
24086,0
24087,0
24088,0
24089,0
24090,0
24091,0
24092,0
24093,0
24094,0
24095,0
24096,0
24097,0
24098,0
24099,0
24100,0
24101,0
24102,0
24103,0
24104,0
24105,0
24106,0
24107,0
24108,0
24109,0
24110,0
24111,0
24112,0
24113,0
24114,0
24115,0
24116,0
24117,0
24118,0
24119,0
24120,0
24121,0
24122,0
24123,0
24124,0
24125,0
24126,0
24127,0
24128,0
24129,0
24130,0
24131,0
24132,0
24133,0
24134,0
24135,0
24136,0
24137,0
24138,0
24139,0
24140,0
24141,0
24142,0
24143,0
24144,0
24145,0
24146,0
24147,0
24148,0
24149,0
24150,0
24151,0
24152,0
24153,0
24154,0
24155,0
24156,0
24157,0
24158,0
24159,0
24160,0
24161,0
24162,0
24163,0
24164,0
24165,0
24166,0
24167,0
24168,1
24169,1
24170,1
24171,0
24172,0
24173,0
24174,0
24175,0
24176,0
24177,0
24178,0
24179,0
24180,0
24181,0
24182,0
24183,0
24184,0
24185,0
24186,0
24187,0
24188,0
24189,0
24190,0
24191,0
24192,0
24193,0
24194,0
24195,0
24196,0
24197,0
24198,0
24199,0
24200,0
24201,0
24202,0
24203,0
24204,0
24205,0
24206,0
24207,0
24208,0
24209,0
24210,0
24211,0
24212,0
24213,0
24214,0
24215,0
24216,0
24217,0
24218,0
24219,0
24220,0
24221,0
24222,0
24223,0
24224,0
24225,0
24226,0
24227,0
24228,0
24229,0
24230,0
24231,0
24232,0
24233,0
24234,0
24235,0
24236,0
24237,0
24238,0
24239,0
24240,0
24241,0
24242,0
24243,0
24244,0
24245,0
24246,0
24247,0
24248,0
24249,1
24250,1
24251,1
24252,1
24253,0
24254,0
24255,0
24256,0
24257,0
24258,0
24259,0
24260,0
24261,0
24262,0
24263,0
24264,0
24265,0
24266,0
24267,0
24268,0
24269,0
24270,0
24271,0
24272,0
24273,0
24274,0
24275,0
24276,0
24277,0
24278,0
24279,0
24280,0
24281,0
24282,0
24283,0
24284,0
24285,0
24286,0
24287,0
24288,0
24289,0
24290,0
24291,0
24292,0
24293,0
24294,0
24295,0
24296,0
24297,0
24298,0
24299,0
24300,0
24301,0
24302,0
24303,0
24304,0
24305,0
24306,0
24307,0
24308,0
24309,0
24310,0
24311,0
24312,0
24313,0
24314,0
24315,0
24316,0
24317,0
24318,0
24319,0
24320,0
24321,0
24322,0
24323,0
24324,0
24325,0
24326,0
24327,0
24328,0
24329,0
24330,0
24331,1
24332,0
24333,0
24334,0
24335,0
24336,0
24337,0
24338,0
24339,0
24340,0
24341,0
24342,0
24343,0
24344,0
24345,0
24346,0
24347,0
24348,0
24349,0
24350,0
24351,0
24352,0
24353,0
24354,0
24355,0
24356,0
24357,0
24358,0
24359,0
24360,0
24361,0
24362,0
24363,0
24364,0
24365,0
24366,0
24367,0
24368,0
24369,0
24370,0
24371,0
24372,0
24373,0
24374,0
24375,0
24376,0
24377,0
24378,1
24379,1
24380,1
24381,0
24382,0
24383,0
24384,0
24385,0
24386,0
24387,0
24388,0
24389,0
24390,0
24391,0
24392,0
24393,0
24394,0
24395,0
24396,0
24397,0
24398,0
24399,0
24400,0
24401,0
24402,0
24403,0
24404,0
24405,0
24406,0
24407,0
24408,0
24409,0
24410,0
24411,0
24412,0
24413,0
24414,0
24415,0
24416,0
24417,1
24418,1
24419,1
24420,0
24421,0
24422,0
24423,0
24424,0
24425,0
24426,0
24427,0
24428,0
24429,0
24430,0
24431,0
24432,0
24433,0
24434,0
24435,0
24436,0
24437,0
24438,0
24439,0
24440,0
24441,0
24442,0
24443,0
24444,0
24445,0
24446,0
24447,0
24448,0
24449,0
24450,0
24451,0
24452,0
24453,0
24454,0
24455,0
24456,0
24457,0
24458,0
24459,0
24460,0
24461,0
24462,0
24463,0
24464,0
24465,0
24466,0
24467,0
24468,0
24469,0
24470,0
24471,0
24472,0
24473,0
24474,0
24475,0
24476,0
24477,0
24478,0
24479,0
24480,0
24481,0
24482,0
24483,0
24484,0
24485,0
24486,0
24487,0
24488,0
24489,0
24490,0
24491,0
24492,0
24493,0
24494,0
24495,0
24496,0
24497,0
24498,0
24499,0
24500,0
24501,0
24502,0
24503,0
24504,0
24505,0
24506,0
24507,0
24508,0
24509,0
24510,0
24511,0
24512,0
24513,0
24514,0
24515,0
24516,0
24517,0
24518,0
24519,0
24520,0
24521,0
24522,1
24523,0
24524,0
24525,0
24526,0
24527,0
24528,0
24529,0
24530,0
24531,0
24532,0
24533,0
24534,0
24535,0
24536,0
24537,0
24538,0
24539,0
24540,0
24541,0
24542,0
24543,0
24544,0
24545,0
24546,0
24547,0
24548,0
24549,0
24550,0
24551,0
24552,0
24553,0
24554,0
24555,0
24556,0
24557,0
24558,0
24559,0
24560,0
24561,0
24562,0
24563,0
24564,0
24565,0
24566,0
24567,0
24568,0
24569,0
24570,0
24571,0
24572,0
24573,0
24574,0
24575,0
24576,0
24577,0
24578,0
24579,0
24580,0
24581,0
24582,0
24583,0
24584,0
24585,0
24586,0
24587,0
24588,1
24589,1
24590,1
24591,0
24592,0
24593,0
24594,0
24595,0
24596,0
24597,0
24598,0
24599,0
24600,0
24601,0
24602,0
24603,0
24604,0
24605,0
24606,0
24607,0
24608,0
24609,1
24610,1
24611,1
24612,0
24613,0
24614,0
24615,0
24616,0
24617,0
24618,0
24619,0
24620,0
24621,0
24622,0
24623,0
24624,0
24625,0
24626,0
24627,0
24628,0
24629,0
24630,1
24631,1
24632,1
24633,0
24634,0
24635,0
24636,0
24637,0
24638,0
24639,0
24640,0
24641,0
24642,0
24643,0
24644,0
24645,0
24646,0
24647,0
24648,0
24649,0
24650,0
24651,0
24652,0
24653,0
24654,0
24655,0
24656,0
24657,0
24658,0
24659,0
24660,0
24661,0
24662,0
24663,0
24664,0
24665,0
24666,0
24667,0
24668,0
24669,0
24670,0
24671,0
24672,0
24673,1
24674,0
24675,0
24676,0
24677,0
24678,0
24679,0
24680,0
24681,0
24682,0
24683,0
24684,0
24685,0
24686,0
24687,0
24688,0
24689,0
24690,0
24691,0
24692,0
24693,0
24694,0
24695,0
24696,0
24697,0
24698,0
24699,0
24700,0
24701,0
24702,0
24703,0
24704,0
24705,1
24706,0
24707,0
24708,0
24709,0
24710,0
24711,0
24712,0
24713,0
24714,0
24715,0
24716,0
24717,0
24718,0
24719,0
24720,0
24721,0
24722,0
24723,0
24724,0
24725,0
24726,0
24727,0
24728,0
24729,1
24730,1
24731,1
24732,0
24733,0
24734,0
24735,0
24736,0
24737,0
24738,0
24739,0
24740,0
24741,0
24742,0
24743,0
24744,0
24745,0
24746,0
24747,0
24748,0
24749,0
24750,0
24751,0
24752,0
24753,0
24754,0
24755,0
24756,0
24757,0
24758,0
24759,0
24760,0
24761,0
24762,0
24763,0
24764,0
24765,0
24766,0
24767,0
24768,0
24769,0
24770,0
24771,0
24772,0
24773,0
24774,0
24775,0
24776,0
24777,0
24778,0
24779,0
24780,0
24781,0
24782,0
24783,0
24784,0
24785,0
24786,0
24787,0
24788,0
24789,0
24790,0
24791,0
24792,0
24793,0
24794,0
24795,0
24796,0
24797,0
24798,1
24799,0
24800,0
24801,0
24802,0
24803,0
24804,0
24805,0
24806,0
24807,0
24808,0
24809,0
24810,0
24811,0
24812,0
24813,0
24814,0
24815,0
24816,0
24817,0
24818,0
24819,0
24820,0
24821,0
24822,0
24823,0
24824,0
24825,0
24826,0
24827,0
24828,0
24829,0
24830,0
24831,0
24832,0
24833,0
24834,0
24835,0
24836,0
24837,0
24838,0
24839,0
24840,0
24841,0
24842,0
24843,0
24844,0
24845,0
24846,0
24847,0
24848,0
24849,0
24850,0
24851,0
24852,0
24853,0
24854,0
24855,0
24856,0
24857,0
24858,0
24859,0
24860,0
24861,0
24862,0
24863,0
24864,0
24865,0
24866,0
24867,0
24868,0
24869,0
24870,0
24871,0
24872,0
24873,0
24874,0
24875,0
24876,0
24877,0
24878,0
24879,0
24880,0
24881,0
24882,0
24883,0
24884,0
24885,0
24886,0
24887,0
24888,0
24889,0
24890,0
24891,0
24892,0
24893,0
24894,0
24895,0
24896,0
24897,0
24898,0
24899,0
24900,0
24901,0
24902,0
24903,0
24904,0
24905,0
24906,0
24907,0
24908,0
24909,0
24910,0
24911,0
24912,0
24913,0
24914,0
24915,0
24916,0
24917,0
24918,0
24919,0
24920,0
24921,0
24922,0
24923,0
24924,1
24925,0
24926,0
24927,0
24928,0
24929,0
24930,0
24931,0
24932,0
24933,0
24934,0
24935,0
24936,0
24937,0
24938,0
24939,0
24940,0
24941,0
24942,0
24943,0
24944,0
24945,0
24946,0
24947,0
24948,0
24949,0
24950,0
24951,0
24952,0
24953,0
24954,0
24955,0
24956,0
24957,0
24958,0
24959,0
24960,0
24961,0
24962,0
24963,0
24964,0
24965,0
24966,0
24967,0
24968,0
24969,0
24970,0
24971,0
24972,0
24973,0
24974,0
24975,0
24976,0
24977,0
24978,0
24979,0
24980,0
24981,0
24982,0
24983,0
24984,0
24985,0
24986,0
24987,0
24988,0
24989,0
24990,0
24991,0
24992,0
24993,0
24994,0
24995,0
24996,0
24997,0
24998,0
24999,0
25000,0
25001,0
25002,0
25003,0
25004,0
25005,0
25006,0
25007,0
25008,0
25009,0
25010,0
25011,0
25012,0
25013,0
25014,0
25015,0
25016,0
25017,0
25018,0
25019,0
25020,0
25021,0
25022,0
25023,0
25024,0
25025,0
25026,0
25027,0
25028,0
25029,0
25030,0
25031,0
25032,0
25033,0
25034,0
25035,1
25036,1
25037,1
25038,1
25039,1
25040,1
25041,0
25042,0
25043,0
25044,0
25045,0
25046,0
25047,0
25048,0
25049,0
25050,0
25051,0
25052,0
25053,0
25054,0
25055,0
25056,0
25057,0
25058,0
25059,0
25060,0
25061,0
25062,0
25063,0
25064,0
25065,0
25066,0
25067,0
25068,0
25069,0
25070,0
25071,0
25072,0
25073,0
25074,0
25075,0
25076,0
25077,0
25078,0
25079,0
25080,1
25081,1
25082,1
25083,0
25084,0
25085,0
25086,0
25087,0
25088,0
25089,0
25090,0
25091,0
25092,0
25093,0
25094,0
25095,0
25096,0
25097,0
25098,0
25099,0
25100,0
25101,0
25102,0
25103,0
25104,0
25105,0
25106,0
25107,0
25108,0
25109,0
25110,0
25111,0
25112,0
25113,0
25114,0
25115,0
25116,0
25117,0
25118,0
25119,0
25120,0
25121,0
25122,0
25123,0
25124,0
25125,1
25126,1
25127,1
25128,0
25129,0
25130,0
25131,0
25132,0
25133,0
25134,0
25135,0
25136,0
25137,0
25138,0
25139,0
25140,0
25141,0
25142,0
25143,1
25144,1
25145,1
25146,0
25147,0
25148,0
25149,0
25150,0
25151,0
25152,0
25153,0
25154,0
25155,0
25156,0
25157,0
25158,0
25159,0
25160,0
25161,0
25162,0
25163,0
25164,0
25165,0
25166,0
25167,0
25168,0
25169,0
25170,0
25171,0
25172,0
25173,0
25174,0
25175,0
25176,1
25177,0
25178,0
25179,0
25180,0
25181,0
25182,0
25183,0
25184,0
25185,0
25186,0
25187,0
25188,0
25189,0
25190,0
25191,0
25192,0
25193,0
25194,0
25195,0
25196,0
25197,0
25198,0
25199,0
25200,0
25201,0
25202,0
25203,0
25204,0
25205,0
25206,0
25207,0
25208,0
25209,0
25210,0
25211,0
25212,0
25213,0
25214,0
25215,0
25216,0
25217,0
25218,0
25219,0
25220,0
25221,0
25222,0
25223,0
25224,1
25225,1
25226,1
25227,0
25228,0
25229,0
25230,0
25231,0
25232,0
25233,0
25234,0
25235,0
25236,0
25237,0
25238,0
25239,0
25240,0
25241,0
25242,0
25243,0
25244,0
25245,0
25246,0
25247,0
25248,0
25249,0
25250,0
25251,0
25252,0
25253,0
25254,0
25255,0
25256,0
25257,0
25258,0
25259,0
25260,0
25261,0
25262,0
25263,0
25264,0
25265,0
25266,0
25267,0
25268,0
25269,0
25270,0
25271,0
25272,0
25273,0
25274,0
25275,0
25276,0
25277,0
25278,0
25279,0
25280,0
25281,0
25282,0
25283,0
25284,0
25285,0
25286,0
25287,0
25288,0
25289,0
25290,0
25291,0
25292,0
25293,0
25294,0
25295,0
25296,0
25297,0
25298,0
25299,0
25300,0
25301,0
25302,0
25303,0
25304,0
25305,0
25306,0
25307,0
25308,0
25309,0
25310,0
25311,0
25312,0
25313,0
25314,0
25315,0
25316,0
25317,0
25318,0
25319,0
25320,0
25321,0
25322,0
25323,0
25324,0
25325,0
25326,0
25327,0
25328,0
25329,0
25330,0
25331,0
25332,0
25333,0
25334,0
25335,0
25336,0
25337,0
25338,1
25339,0
25340,0
25341,0
25342,0
25343,0
25344,0
25345,0
25346,0
25347,0
25348,0
25349,0
25350,0
25351,0
25352,0
25353,0
25354,0
25355,0
25356,0
25357,0
25358,0
25359,0
25360,0
25361,0
25362,0
25363,0
25364,0
25365,0
25366,0
25367,0
25368,0
25369,0
25370,0
25371,0
25372,0
25373,0
25374,0
25375,0
25376,0
25377,0
25378,0
25379,0
25380,0
25381,0
25382,0
25383,1
25384,0
25385,0
25386,0
25387,0
25388,0
25389,0
25390,0
25391,0
25392,0
25393,0
25394,0
25395,0
25396,0
25397,0
25398,0
25399,0
25400,0
25401,0
25402,0
25403,0
25404,1
25405,1
25406,1
25407,0
25408,0
25409,0
25410,0
25411,0
25412,0
25413,0
25414,0
25415,0
25416,0
25417,0
25418,0
25419,0
25420,0
25421,0
25422,0
25423,0
25424,0
25425,0
25426,0
25427,0
25428,0
25429,0
25430,0
25431,0
25432,1
25433,0
25434,0
25435,0
25436,0
25437,0
25438,0
25439,0
25440,0
25441,0
25442,0
25443,0
25444,0
25445,0
25446,0
25447,0
25448,0
25449,0
25450,0
25451,0
25452,0
25453,0
25454,0
25455,0
25456,0
25457,0
25458,0
25459,0
25460,0
25461,0
25462,0
25463,0
25464,0
25465,0
25466,0
25467,0
25468,0
25469,0
25470,0
25471,0
25472,0
25473,0
25474,0
25475,0
25476,0
25477,0
25478,0
25479,0
25480,0
25481,0
25482,0
25483,0
25484,0
25485,0
25486,0
25487,0
25488,0
25489,0
25490,0
25491,0
25492,0
25493,0
25494,0
25495,0
25496,0
25497,0
25498,0
25499,0
25500,0
25501,0
25502,0
25503,0
25504,0
25505,0
25506,0
25507,0
25508,0
25509,0
25510,0
25511,0
25512,0
25513,0
25514,0
25515,0
25516,0
25517,0
25518,0
25519,0
25520,0
25521,0
25522,0
25523,0
25524,0
25525,0
25526,0
25527,0
25528,0
25529,0
25530,0
25531,0
25532,0
25533,0
25534,0
25535,0
25536,1
25537,1
25538,1
25539,0
25540,0
25541,0
25542,0
25543,0
25544,0
25545,0
25546,0
25547,0
25548,0
25549,0
25550,0
25551,0
25552,0
25553,0
25554,0
25555,0
25556,0
25557,0
25558,0
25559,0
25560,0
25561,0
25562,0
25563,0
25564,0
25565,0
25566,0
25567,0
25568,0
25569,0
25570,0
25571,0
25572,0
25573,0
25574,0
25575,0
25576,0
25577,0
25578,0
25579,0
25580,0
25581,0
25582,0
25583,0
25584,0
25585,0
25586,0
25587,0
25588,0
25589,0
25590,0
25591,0
25592,0
25593,0
25594,0
25595,0
25596,0
25597,0
25598,0
25599,0
25600,0
25601,0
25602,0
25603,1
25604,0
25605,0
25606,0
25607,0
25608,0
25609,0
25610,0
25611,0
25612,0
25613,0
25614,0
25615,0
25616,0
25617,0
25618,0
25619,0
25620,0
25621,0
25622,0
25623,1
25624,1
25625,1
25626,0
25627,0
25628,0
25629,0
25630,0
25631,0
25632,0
25633,0
25634,0
25635,0
25636,0
25637,0
25638,0
25639,0
25640,0
25641,0
25642,0
25643,0
25644,0
25645,0
25646,0
25647,0
25648,0
25649,0
25650,1
25651,0
25652,0
25653,0
25654,0
25655,0
25656,0
25657,0
25658,0
25659,1
25660,1
25661,1
25662,0
25663,0
25664,0
25665,0
25666,0
25667,0
25668,0
25669,1
25670,0
25671,0
25672,0
25673,0
25674,0
25675,0
25676,0
25677,0
25678,0
25679,0
25680,0
25681,0
25682,0
25683,0
25684,0
25685,0
25686,0
25687,0
25688,0
25689,0
25690,0
25691,0
25692,0
25693,0
25694,0
25695,1
25696,0
25697,0
25698,0
25699,0
25700,0
25701,0
25702,0
25703,0
25704,0
25705,0
25706,0
25707,0
25708,0
25709,0
25710,0
25711,0
25712,0
25713,0
25714,0
25715,0
25716,0
25717,0
25718,0
25719,0
25720,0
25721,0
25722,0
25723,0
25724,0
25725,0
25726,0
25727,0
25728,0
25729,0
25730,0
25731,0
25732,0
25733,0
25734,0
25735,0
25736,0
25737,0
25738,0
25739,0
25740,0
25741,0
25742,0
25743,0
25744,0
25745,0
25746,0
25747,0
25748,0
25749,1
25750,1
25751,1
25752,0
25753,0
25754,0
25755,0
25756,0
25757,0
25758,0
25759,0
25760,0
25761,0
25762,0
25763,0
25764,0
25765,0
25766,0
25767,0
25768,0
25769,0
25770,0
25771,0
25772,0
25773,0
25774,0
25775,0
25776,0
25777,0
25778,0
25779,0
25780,0
25781,0
25782,0
25783,0
25784,0
25785,0
25786,0
25787,0
25788,0
25789,0
25790,0
25791,0
25792,0
25793,0
25794,0
25795,0
25796,0
25797,0
25798,0
25799,0
25800,0
25801,0
25802,0
25803,0
25804,0
25805,0
25806,0
25807,0
25808,0
25809,0
25810,0
25811,0
25812,0
25813,0
25814,0
25815,0
25816,0
25817,0
25818,0
25819,0
25820,0
25821,0
25822,0
25823,0
25824,0
25825,0
25826,0
25827,0
25828,0
25829,0
25830,0
25831,0
25832,0
25833,0
25834,0
25835,0
25836,0
25837,0
25838,0
25839,1
25840,1
25841,1
25842,0
25843,0
25844,0
25845,0
25846,0
25847,0
25848,0
25849,0
25850,0
25851,0
25852,0
25853,0
25854,0
25855,0
25856,0
25857,0
25858,0
25859,0
25860,0
25861,0
25862,0
25863,0
25864,0
25865,0
25866,0
25867,0
25868,0
25869,1
25870,1
25871,1
25872,0
25873,0
25874,0
25875,0
25876,0
25877,0
25878,0
25879,0
25880,0
25881,0
25882,0
25883,0
25884,0
25885,0
25886,0
25887,0
25888,0
25889,0
25890,0
25891,0
25892,0
25893,0
25894,0
25895,0
25896,0
25897,0
25898,0
25899,0
25900,0
25901,0
25902,0
25903,0
25904,0
25905,0
25906,0
25907,0
25908,0
25909,0
25910,0
25911,0
25912,0
25913,0
25914,0
25915,0
25916,0
25917,0
25918,0
25919,0
25920,0
25921,0
25922,0
25923,0
25924,0
25925,0
25926,0
25927,0
25928,0
25929,0
25930,0
25931,0
25932,0
25933,0
25934,0
25935,0
25936,0
25937,0
25938,0
25939,0
25940,0
25941,0
25942,0
25943,0
25944,0
25945,0
25946,0
25947,1
25948,1
25949,1
25950,0
25951,0
25952,0
25953,0
25954,0
25955,0
25956,0
25957,0
25958,0
25959,0
25960,0
25961,0
25962,0
25963,0
25964,0
25965,0
25966,0
25967,0
25968,0
25969,0
25970,0
25971,0
25972,0
25973,0
25974,0
25975,0
25976,0
25977,0
25978,0
25979,0
25980,0
25981,0
25982,0
25983,0
25984,0
25985,0
25986,0
25987,0
25988,0
25989,0
25990,0
25991,0
25992,0
25993,0
25994,0
25995,0
25996,0
25997,0
25998,0
25999,0
26000,0
26001,0
26002,0
26003,0
26004,0
26005,0
26006,0
26007,0
26008,0
26009,0
26010,1
26011,1
26012,1
26013,0
26014,0
26015,0
26016,0
26017,0
26018,0
26019,0
26020,0
26021,0
26022,0
26023,0
26024,0
26025,1
26026,1
26027,1
26028,0
26029,0
26030,0
26031,0
26032,0
26033,0
26034,0
26035,0
26036,0
26037,0
26038,0
26039,0
26040,0
26041,0
26042,0
26043,0
26044,0
26045,0
26046,0
26047,0
26048,0
26049,0
26050,0
26051,0
26052,0
26053,0
26054,0
26055,0
26056,0
26057,0
26058,0
26059,0
26060,0
26061,0
26062,0
26063,0
26064,0
26065,0
26066,0
26067,0
26068,0
26069,0
26070,0
26071,0
26072,0
26073,0
26074,0
26075,0
26076,0
26077,0
26078,0
26079,0
26080,0
26081,0
26082,0
26083,0
26084,0
26085,0
26086,0
26087,0
26088,0
26089,0
26090,0
26091,0
26092,0
26093,0
26094,0
26095,0
26096,0
26097,0
26098,0
26099,0
26100,0
26101,0
26102,0
26103,0
26104,0
26105,0
26106,0
26107,0
26108,0
26109,0
26110,0
26111,0
26112,0
26113,0
26114,0
26115,0
26116,0
26117,0
26118,0
26119,0
26120,0
26121,0
26122,0
26123,0
26124,0
26125,0
26126,0
26127,0
26128,0
26129,0
26130,0
26131,0
26132,0
26133,0
26134,0
26135,0
26136,0
26137,0
26138,0
26139,0
26140,0
26141,0
26142,0
26143,0
26144,0
26145,0
26146,0
26147,0
26148,0
26149,0
26150,0
26151,0
26152,0
26153,0
26154,0
26155,0
26156,0
26157,0
26158,0
26159,0
26160,0
26161,0
26162,0
26163,0
26164,0
26165,0
26166,0
26167,0
26168,0
26169,0
26170,0
26171,0
26172,0
26173,0
26174,0
26175,0
26176,0
26177,0
26178,0
26179,0
26180,0
26181,0
26182,0
26183,0
26184,0
26185,0
26186,0
26187,0
26188,0
26189,0
26190,0
26191,0
26192,0
26193,0
26194,0
26195,0
26196,0
26197,0
26198,0
26199,0
26200,0
26201,0
26202,1
26203,1
26204,1
26205,0
26206,0
26207,0
26208,0
26209,0
26210,0
26211,0
26212,0
26213,0
26214,0
26215,0
26216,0
26217,0
26218,0
26219,0
26220,0
26221,0
26222,0
26223,0
26224,0
26225,0
26226,0
26227,0
26228,0
26229,0
26230,0
26231,0
26232,0
26233,0
26234,0
26235,0
26236,0
26237,0
26238,0
26239,0
26240,0
26241,0
26242,0
26243,0
26244,0
26245,0
26246,0
26247,0
26248,0
26249,0
26250,0
26251,0
26252,0
26253,0
26254,0
26255,0
26256,0
26257,0
26258,0
26259,0
26260,0
26261,0
26262,0
26263,0
26264,0
26265,0
26266,0
26267,0
26268,0
26269,0
26270,0
26271,0
26272,0
26273,0
26274,0
26275,0
26276,0
26277,0
26278,0
26279,0
26280,0
26281,0
26282,0
26283,0
26284,0
26285,0
26286,0
26287,0
26288,0
26289,0
26290,0
26291,0
26292,0
26293,0
26294,0
26295,0
26296,0
26297,0
26298,0
26299,0
26300,0
26301,0
26302,0
26303,0
26304,0
26305,0
26306,0
26307,0
26308,0
26309,0
26310,0
26311,0
26312,0
26313,0
26314,0
26315,0
26316,0
26317,0
26318,0
26319,0
26320,0
26321,0
26322,0
26323,0
26324,0
26325,0
26326,0
26327,0
26328,0
26329,0
26330,0
26331,0
26332,0
26333,0
26334,0
26335,0
26336,0
26337,0
26338,0
26339,0
26340,0
26341,0
26342,0
26343,0
26344,0
26345,0
26346,0
26347,0
26348,0
26349,0
26350,0
26351,0
26352,0
26353,0
26354,0
26355,0
26356,0
26357,0
26358,0
26359,0
26360,0
26361,1
26362,0
26363,0
26364,0
26365,0
26366,0
26367,0
26368,0
26369,0
26370,0
26371,0
26372,0
26373,0
26374,0
26375,0
26376,0
26377,0
26378,0
26379,0
26380,0
26381,0
26382,0
26383,0
26384,0
26385,0
26386,0
26387,0
26388,0
26389,0
26390,0
26391,0
26392,0
26393,0
26394,0
26395,0
26396,0
26397,0
26398,0
26399,0
26400,0
26401,0
26402,0
26403,0
26404,0
26405,0
26406,0
26407,0
26408,0
26409,0
26410,0
26411,0
26412,0
26413,0
26414,0
26415,0
26416,0
26417,0
26418,0
26419,0
26420,0
26421,0
26422,0
26423,0
26424,0
26425,0
26426,0
26427,0
26428,0
26429,0
26430,0
26431,0
26432,0
26433,0
26434,0
26435,0
26436,0
26437,0
26438,0
26439,1
26440,1
26441,1
26442,0
26443,0
26444,0
26445,0
26446,0
26447,0
26448,0
26449,0
26450,0
26451,0
26452,0
26453,0
26454,0
26455,0
26456,0
26457,0
26458,0
26459,0
26460,0
26461,0
26462,0
26463,0
26464,0
26465,0
26466,0
26467,0
26468,0
26469,0
26470,0
26471,0
26472,0
26473,0
26474,0
26475,0
26476,0
26477,0
26478,0
26479,0
26480,0
26481,0
26482,0
26483,0
26484,0
26485,0
26486,0
26487,0
26488,0
26489,0
26490,0
26491,0
26492,0
26493,0
26494,0
26495,0
26496,0
26497,0
26498,0
26499,0
26500,0
26501,0
26502,0
26503,0
26504,0
26505,0
26506,0
26507,0
26508,0
26509,0
26510,0
26511,0
26512,0
26513,0
26514,0
26515,0
26516,0
26517,0
26518,0
26519,0
26520,0
26521,0
26522,0
26523,0
26524,0
26525,0
26526,0
26527,0
26528,0
26529,0
26530,0
26531,0
26532,0
26533,0
26534,0
26535,0
26536,0
26537,0
26538,0
26539,0
26540,0
26541,0
26542,1
26543,0
26544,0
26545,0
26546,0
26547,0
26548,0
26549,0
26550,0
26551,0
26552,0
26553,0
26554,0
26555,0
26556,0
26557,0
26558,0
26559,0
26560,0
26561,0
26562,0
26563,0
26564,0
26565,0
26566,0
26567,0
26568,0
26569,0
26570,0
26571,0
26572,0
26573,0
26574,0
26575,0
26576,0
26577,0
26578,0
26579,0
26580,0
26581,0
26582,0
26583,0
26584,0
26585,0
26586,0
26587,0
26588,0
26589,0
26590,0
26591,0
26592,0
26593,0
26594,0
26595,0
26596,0
26597,0
26598,0
26599,0
26600,0
26601,0
26602,0
26603,0
26604,1
26605,1
26606,1
26607,0
26608,0
26609,0
26610,0
26611,0
26612,0
26613,0
26614,0
26615,0
26616,0
26617,0
26618,0
26619,0
26620,0
26621,0
26622,0
26623,0
26624,0
26625,0
26626,0
26627,0
26628,0
26629,0
26630,0
26631,0
26632,0
26633,0
26634,0
26635,0
26636,0
26637,0
26638,0
26639,0
26640,0
26641,0
26642,0
26643,1
26644,1
26645,1
26646,0
26647,0
26648,0
26649,1
26650,1
26651,1
26652,1
26653,0
26654,0
26655,1
26656,1
26657,1
26658,0
26659,0
26660,0
26661,0
26662,0
26663,0
26664,0
26665,0
26666,0
26667,0
26668,0
26669,0
26670,0
26671,0
26672,0
26673,1
26674,1
26675,1
26676,0
26677,0
26678,0
26679,0
26680,0
26681,0
26682,0
26683,0
26684,0
26685,0
26686,0
26687,0
26688,0
26689,0
26690,0
26691,0
26692,0
26693,0
26694,0
26695,0
26696,0
26697,0
26698,0
26699,0
26700,0
26701,0
26702,0
26703,0
26704,0
26705,0
26706,0
26707,0
26708,0
26709,0
26710,0
26711,0
26712,0
26713,0
26714,0
26715,0
26716,0
26717,0
26718,0
26719,0
26720,0
26721,0
26722,0
26723,0
26724,0
26725,0
26726,0
26727,0
26728,0
26729,0
26730,0
26731,0
26732,0
26733,1
26734,0
26735,0
26736,0
26737,0
26738,0
26739,0
26740,0
26741,0
26742,0
26743,0
26744,0
26745,0
26746,0
26747,0
26748,0
26749,0
26750,0
26751,0
26752,0
26753,0
26754,0
26755,0
26756,0
26757,0
26758,0
26759,0
26760,0
26761,0
26762,0
26763,0
26764,0
26765,0
26766,0
26767,0
26768,0
26769,0
26770,0
26771,0
26772,0
26773,0
26774,0
26775,0
26776,0
26777,0
26778,0
26779,0
26780,0
26781,0
26782,0
26783,0
26784,0
26785,0
26786,0
26787,0
26788,0
26789,0
26790,0
26791,0
26792,0
26793,0
26794,0
26795,0
26796,0
26797,0
26798,0
26799,0
26800,0
26801,0
26802,0
26803,0
26804,0
26805,0
26806,0
26807,0
26808,0
26809,0
26810,0
26811,0
26812,0
26813,0
26814,0
26815,0
26816,0
26817,0
26818,0
26819,0
26820,0
26821,0
26822,0
26823,0
26824,0
26825,0
26826,0
26827,0
26828,0
26829,0
26830,0
26831,0
26832,0
26833,0
26834,0
26835,0
26836,0
26837,0
26838,0
26839,0
26840,0
26841,0
26842,0
26843,0
26844,0
26845,0
26846,0
26847,1
26848,1
26849,1
26850,0
26851,0
26852,0
26853,0
26854,0
26855,0
26856,0
26857,0
26858,0
26859,0
26860,0
26861,0
26862,0
26863,0
26864,0
26865,0
26866,0
26867,0
26868,0
26869,0
26870,0
26871,0
26872,0
26873,0
26874,0
26875,1
26876,0
26877,0
26878,0
26879,0
26880,0
26881,0
26882,0
26883,0
26884,0
26885,0
26886,0
26887,0
26888,0
26889,0
26890,0
26891,0
26892,0
26893,0
26894,0
26895,0
26896,0
26897,0
26898,0
26899,0
26900,0
26901,0
26902,1
26903,0
26904,0
26905,0
26906,0
26907,0
26908,0
26909,0
26910,0
26911,0
26912,0
26913,1
26914,1
26915,1
26916,0
26917,0
26918,0
26919,0
26920,0
26921,0
26922,0
26923,0
26924,0
26925,0
26926,0
26927,0
26928,0
26929,0
26930,0
26931,0
26932,0
26933,0
26934,0
26935,0
26936,0
26937,0
26938,0
26939,0
26940,0
26941,0
26942,0
26943,0
26944,0
26945,0
26946,0
26947,0
26948,0
26949,0
26950,0
26951,0
26952,0
26953,0
26954,0
26955,0
26956,0
26957,0
26958,0
26959,0
26960,0
26961,1
26962,1
26963,1
26964,0
26965,0
26966,0
26967,0
26968,0
26969,0
26970,0
26971,0
26972,0
26973,1
26974,1
26975,1
26976,0
26977,0
26978,0
26979,0
26980,0
26981,0
26982,0
26983,0
26984,0
26985,0
26986,0
26987,0
26988,0
26989,0
26990,0
26991,0
26992,0
26993,0
26994,0
26995,0
26996,0
26997,0
26998,0
26999,0
27000,0
27001,0
27002,0
27003,0
27004,0
27005,0
27006,0
27007,0
27008,0
27009,0
27010,0
27011,0
27012,1
27013,1
27014,1
27015,0
27016,0
27017,0
27018,0
27019,0
27020,0
27021,0
27022,0
27023,0
27024,0
27025,0
27026,0
27027,0
27028,0
27029,0
27030,0
27031,0
27032,0
27033,0
27034,0
27035,0
27036,0
27037,0
27038,0
27039,0
27040,0
27041,0
27042,0
27043,0
27044,0
27045,0
27046,0
27047,0
27048,0
27049,0
27050,0
27051,0
27052,0
27053,0
27054,0
27055,0
27056,0
27057,0
27058,0
27059,0
27060,1
27061,0
27062,0
27063,0
27064,0
27065,0
27066,0
27067,0
27068,0
27069,0
27070,0
27071,0
27072,0
27073,0
27074,0
27075,0
27076,0
27077,0
27078,0
27079,0
27080,0
27081,0
27082,0
27083,0
27084,1
27085,1
27086,1
27087,0
27088,0
27089,0
27090,1
27091,1
27092,1
27093,1
27094,1
27095,1
27096,0
27097,0
27098,0
27099,0
27100,0
27101,0
27102,0
27103,0
27104,0
27105,0
27106,0
27107,0
27108,1
27109,0
27110,0
27111,0
27112,0
27113,0
27114,0
27115,0
27116,0
27117,0
27118,0
27119,0
27120,0
27121,0
27122,0
27123,0
27124,0
27125,0
27126,0
27127,0
27128,0
27129,0
27130,0
27131,0
27132,0
27133,0
27134,0
27135,0
27136,0
27137,0
27138,1
27139,1
27140,1
27141,0
27142,0
27143,0
27144,0
27145,0
27146,0
27147,0
27148,0
27149,0
27150,0
27151,0
27152,0
27153,0
27154,0
27155,0
27156,0
27157,0
27158,0
27159,0
27160,0
27161,0
27162,0
27163,0
27164,0
27165,0
27166,0
27167,0
27168,0
27169,0
27170,0
27171,0
27172,0
27173,0
27174,0
27175,0
27176,0
27177,1
27178,1
27179,1
27180,0
27181,0
27182,0
27183,0
27184,0
27185,0
27186,0
27187,0
27188,0
27189,0
27190,0
27191,0
27192,0
27193,0
27194,0
27195,0
27196,0
27197,0
27198,0
27199,0
27200,0
27201,0
27202,0
27203,0
27204,0
27205,0
27206,0
27207,0
27208,0
27209,0
27210,0
27211,0
27212,0
27213,0
27214,0
27215,0
27216,0
27217,0
27218,0
27219,0
27220,0
27221,0
27222,0
27223,0
27224,0
27225,0
27226,0
27227,0
27228,0
27229,0
27230,0
27231,0
27232,0
27233,0
27234,0
27235,0
27236,0
27237,0
27238,0
27239,0
27240,0
27241,0
27242,0
27243,0
27244,0
27245,0
27246,0
27247,0
27248,0
27249,0
27250,0
27251,0
27252,0
27253,0
27254,0
27255,0
27256,1
27257,0
27258,0
27259,0
27260,0
27261,0
27262,0
27263,0
27264,0
27265,0
27266,0
27267,1
27268,1
27269,1
27270,0
27271,1
27272,0
27273,0
27274,0
27275,0
27276,1
27277,1
27278,1
27279,0
27280,0
27281,0
27282,0
27283,0
27284,0
27285,0
27286,0
27287,0
27288,0
27289,0
27290,0
27291,0
27292,0
27293,0
27294,0
27295,0
27296,0
27297,0
27298,0
27299,0
27300,0
27301,0
27302,0
27303,0
27304,0
27305,0
27306,0
27307,0
27308,0
27309,0
27310,0
27311,0
27312,0
27313,0
27314,0
27315,0
27316,0
27317,0
27318,1
27319,1
27320,1
27321,0
27322,0
27323,0
27324,0
27325,0
27326,0
27327,0
27328,0
27329,0
27330,0
27331,0
27332,0
27333,0
27334,0
27335,0
27336,0
27337,0
27338,0
27339,0
27340,0
27341,0
27342,0
27343,0
27344,0
27345,0
27346,0
27347,0
27348,0
27349,0
27350,0
27351,0
27352,0
27353,0
27354,0
27355,0
27356,0
27357,0
27358,0
27359,0
27360,0
27361,0
27362,0
27363,0
27364,0
27365,0
27366,0
27367,0
27368,0
27369,0
27370,0
27371,0
27372,0
27373,0
27374,0
27375,0
27376,0
27377,0
27378,0
27379,0
27380,0
27381,1
27382,1
27383,1
27384,0
27385,0
27386,0
27387,0
27388,0
27389,0
27390,1
27391,1
27392,1
27393,0
27394,0
27395,0
27396,0
27397,0
27398,0
27399,0
27400,0
27401,0
27402,0
27403,0
27404,0
27405,0
27406,0
27407,0
27408,0
27409,0
27410,0
27411,0
27412,0
27413,0
27414,0
27415,0
27416,0
27417,0
27418,0
27419,0
27420,0
27421,0
27422,0
27423,0
27424,0
27425,0
27426,0
27427,0
27428,0
27429,0
27430,0
27431,0
27432,0
27433,0
27434,0
27435,0
27436,0
27437,0
27438,0
27439,0
27440,0
27441,0
27442,0
27443,0
27444,0
27445,0
27446,0
27447,0
27448,0
27449,0
27450,0
27451,0
27452,0
27453,0
27454,0
27455,0
27456,0
27457,0
27458,0
27459,1
27460,0
27461,0
27462,0
27463,0
27464,0
27465,0
27466,0
27467,0
27468,0
27469,0
27470,0
27471,0
27472,0
27473,0
27474,0
27475,0
27476,0
27477,0
27478,0
27479,0
27480,0
27481,0
27482,0
27483,0
27484,0
27485,0
27486,0
27487,0
27488,0
27489,0
27490,0
27491,0
27492,0
27493,0
27494,0
27495,0
27496,0
27497,0
27498,0
27499,0
27500,0
27501,0
27502,0
27503,0
27504,0
27505,0
27506,0
27507,0
27508,0
27509,0
27510,0
27511,0
27512,0
27513,0
27514,0
27515,0
27516,0
27517,0
27518,0
27519,0
27520,0
27521,0
27522,0
27523,0
27524,0
27525,0
27526,0
27527,0
27528,0
27529,0
27530,0
27531,0
27532,0
27533,0
27534,0
27535,0
27536,0
27537,0
27538,0
27539,0
27540,0
27541,0
27542,0
27543,0
27544,0
27545,0
27546,0
27547,0
27548,0
27549,0
27550,0
27551,0
27552,0
27553,0
27554,0
27555,1
27556,1
27557,1
27558,0
27559,0
27560,0
27561,0
27562,0
27563,0
27564,0
27565,0
27566,0
27567,0
27568,0
27569,0
27570,0
27571,0
27572,0
27573,0
27574,0
27575,0
27576,0
27577,0
27578,0
27579,1
27580,1
27581,1
27582,0
27583,0
27584,0
27585,1
27586,1
27587,1
27588,0
27589,0
27590,0
27591,0
27592,0
27593,0
27594,0
27595,0
27596,0
27597,0
27598,0
27599,0
27600,0
27601,0
27602,0
27603,0
27604,0
27605,0
27606,0
27607,0
27608,0
27609,0
27610,0
27611,0
27612,0
27613,0
27614,0
27615,0
27616,0
27617,0
27618,0
27619,0
27620,0
27621,0
27622,0
27623,0
27624,0
27625,0
27626,0
27627,0
27628,0
27629,0
27630,0
27631,0
27632,0
27633,0
27634,0
27635,0
27636,0
27637,0
27638,0
27639,0
27640,0
27641,0
27642,0
27643,0
27644,0
27645,0
27646,0
27647,0
27648,0
27649,0
27650,0
27651,0
27652,0
27653,0
27654,0
27655,0
27656,0
27657,0
27658,0
27659,0
27660,0
27661,0
27662,0
27663,0
27664,0
27665,0
27666,0
27667,0
27668,0
27669,0
27670,0
27671,0
27672,0
27673,0
27674,0
27675,1
27676,1
27677,1
27678,0
27679,0
27680,0
27681,0
27682,0
27683,0
27684,0
27685,0
27686,0
27687,0
27688,0
27689,0
27690,0
27691,0
27692,0
27693,0
27694,0
27695,0
27696,0
27697,0
27698,0
27699,0
27700,0
27701,0
27702,0
27703,0
27704,0
27705,0
27706,0
27707,0
27708,0
27709,0
27710,0
27711,0
27712,0
27713,0
27714,0
27715,0
27716,0
27717,0
27718,0
27719,0
27720,0
27721,0
27722,0
27723,0
27724,0
27725,0
27726,0
27727,0
27728,0
27729,0
27730,0
27731,0
27732,0
27733,0
27734,0
27735,0
27736,0
27737,0
27738,0
27739,0
27740,0
27741,0
27742,0
27743,0
27744,0
27745,0
27746,0
27747,0
27748,0
27749,0
27750,0
27751,0
27752,0
27753,0
27754,0
27755,0
27756,0
27757,0
27758,0
27759,0
27760,0
27761,0
27762,0
27763,0
27764,0
27765,0
27766,0
27767,0
27768,0
27769,0
27770,0
27771,0
27772,0
27773,0
27774,0
27775,0
27776,0
27777,0
27778,0
27779,0
27780,0
27781,0
27782,0
27783,0
27784,0
27785,0
27786,0
27787,0
27788,0
27789,0
27790,0
27791,0
27792,0
27793,0
27794,0
27795,0
27796,0
27797,0
27798,0
27799,0
27800,0
27801,0
27802,0
27803,0
27804,0
27805,0
27806,0
27807,0
27808,0
27809,0
27810,0
27811,0
27812,0
27813,0
27814,0
27815,0
27816,0
27817,0
27818,0
27819,0
27820,0
27821,0
27822,0
27823,0
27824,0
27825,0
27826,0
27827,0
27828,0
27829,0
27830,0
27831,0
27832,0
27833,0
27834,0
27835,0
27836,0
27837,0
27838,0
27839,0
27840,0
27841,0
27842,0
27843,0
27844,0
27845,0
27846,0
27847,0
27848,0
27849,0
27850,0
27851,0
27852,0
27853,0
27854,0
27855,0
27856,0
27857,0
27858,0
27859,0
27860,0
27861,0
27862,0
27863,0
27864,0
27865,0
27866,0
27867,0
27868,0
27869,0
27870,0
27871,0
27872,0
27873,0
27874,0
27875,0
27876,0
27877,0
27878,0
27879,0
27880,0
27881,0
27882,0
27883,0
27884,0
27885,0
27886,0
27887,0
27888,0
27889,0
27890,0
27891,1
27892,1
27893,1
27894,0
27895,0
27896,0
27897,0
27898,0
27899,0
27900,0
27901,0
27902,0
27903,0
27904,0
27905,0
27906,0
27907,0
27908,0
27909,0
27910,0
27911,0
27912,1
27913,1
27914,1
27915,0
27916,0
27917,0
27918,0
27919,0
27920,0
27921,0
27922,0
27923,0
27924,0
27925,0
27926,0
27927,0
27928,0
27929,0
27930,0
27931,0
27932,0
27933,0
27934,0
27935,0
27936,0
27937,0
27938,0
27939,0
27940,0
27941,0
27942,0
27943,0
27944,0
27945,0
27946,0
27947,0
27948,0
27949,0
27950,0
27951,0
27952,0
27953,0
27954,0
27955,0
27956,0
27957,0
27958,0
27959,0
27960,0
27961,0
27962,0
27963,0
27964,1
27965,0
27966,1
27967,1
27968,1
27969,0
27970,0
27971,0
27972,0
27973,0
27974,0
27975,0
27976,0
27977,0
27978,0
27979,0
27980,0
27981,0
27982,0
27983,0
27984,0
27985,0
27986,0
27987,0
27988,0
27989,0
27990,0
27991,0
27992,0
27993,0
27994,0
27995,0
27996,0
27997,0
27998,0
27999,0
28000,0
28001,0
28002,0
28003,0
28004,0
28005,0
28006,0
28007,0
28008,0
28009,0
28010,0
28011,0
28012,0
28013,0
28014,0
28015,0
28016,0
28017,0
28018,0
28019,0
28020,0
28021,0
28022,0
28023,0
28024,0
28025,0
28026,0
28027,0
28028,0
28029,0
28030,0
28031,0
28032,0
28033,0
28034,0
28035,0
28036,0
28037,0
28038,0
28039,0
28040,0
28041,0
28042,0
28043,0
28044,0
28045,0
28046,0
28047,0
28048,0
28049,0
28050,0
28051,0
28052,0
28053,0
28054,0
28055,0
28056,0
28057,0
28058,0
28059,0
28060,0
28061,0
28062,0
28063,0
28064,0
28065,1
28066,1
28067,1
28068,0
28069,1
28070,0
28071,1
28072,1
28073,1
28074,0
28075,0
28076,0
28077,0
28078,0
28079,0
28080,0
28081,0
28082,0
28083,0
28084,0
28085,0
28086,0
28087,0
28088,0
28089,0
28090,0
28091,0
28092,0
28093,0
28094,0
28095,0
28096,0
28097,0
28098,0
28099,0
28100,0
28101,0
28102,0
28103,0
28104,0
28105,0
28106,0
28107,0
28108,0
28109,0
28110,0
28111,0
28112,0
28113,0
28114,0
28115,0
28116,0
28117,0
28118,0
28119,0
28120,0
28121,0
28122,0
28123,0
28124,0
28125,0
28126,0
28127,0
28128,0
28129,0
28130,0
28131,0
28132,0
28133,0
28134,0
28135,0
28136,0
28137,0
28138,0
28139,0
28140,0
28141,0
28142,0
28143,1
28144,0
28145,0
28146,0
28147,0
28148,0
28149,0
28150,0
28151,0
28152,0
28153,0
28154,0
28155,0
28156,0
28157,0
28158,0
28159,0
28160,0
28161,0
28162,0
28163,0
28164,0
28165,0
28166,0
28167,0
28168,0
28169,0
28170,0
28171,0
28172,0
28173,0
28174,0
28175,0
28176,0
28177,0
28178,0
28179,0
28180,0
28181,0
28182,0
28183,1
28184,0
28185,0
28186,0
28187,0
28188,0
28189,0
28190,0
28191,0
28192,0
28193,0
28194,1
28195,1
28196,1
28197,0
28198,0
28199,0
28200,0
28201,0
28202,0
28203,0
28204,0
28205,0
28206,0
28207,0
28208,0
28209,0
28210,0
28211,0
28212,0
28213,0
28214,0
28215,0
28216,0
28217,0
28218,0
28219,0
28220,0
28221,0
28222,0
28223,0
28224,0
28225,0
28226,0
28227,0
28228,0
28229,0
28230,0
28231,0
28232,0
28233,0
28234,0
28235,0
28236,0
28237,0
28238,0
28239,0
28240,0
28241,0
28242,0
28243,0
28244,0
28245,0
28246,0
28247,0
28248,0
28249,0
28250,0
28251,0
28252,0
28253,0
28254,0
28255,0
28256,0
28257,0
28258,0
28259,0
28260,0
28261,0
28262,0
28263,0
28264,0
28265,0
28266,0
28267,0
28268,0
28269,0
28270,0
28271,0
28272,0
28273,0
28274,0
28275,0
28276,0
28277,0
28278,0
28279,0
28280,0
28281,0
28282,0
28283,0
28284,0
28285,0
28286,0
28287,0
28288,0
28289,0
28290,0
28291,0
28292,0
28293,0
28294,0
28295,0
28296,0
28297,0
28298,0
28299,0
28300,0
28301,0
28302,0
28303,0
28304,0
28305,0
28306,0
28307,0
28308,0
28309,0
28310,0
28311,0
28312,0
28313,0
28314,1
28315,1
28316,1
28317,0
28318,0
28319,0
28320,0
28321,0
28322,0
28323,0
28324,0
28325,0
28326,0
28327,0
28328,0
28329,0
28330,0
28331,0
28332,0
28333,0
28334,0
28335,0
28336,0
28337,0
28338,0
28339,0
28340,0
28341,0
28342,0
28343,0
28344,0
28345,0
28346,0
28347,0
28348,0
28349,0
28350,0
28351,0
28352,0
28353,0
28354,0
28355,0
28356,0
28357,0
28358,0
28359,0
28360,0
28361,0
28362,0
28363,0
28364,0
28365,0
28366,0
28367,0
28368,1
28369,1
28370,1
28371,0
28372,0
28373,0
28374,0
28375,0
28376,0
28377,0
28378,0
28379,0
28380,1
28381,1
28382,1
28383,0
28384,0
28385,0
28386,0
28387,0
28388,0
28389,0
28390,0
28391,0
28392,0
28393,0
28394,0
28395,0
28396,0
28397,0
28398,0
28399,0
28400,0
28401,0
28402,0
28403,0
28404,0
28405,0
28406,0
28407,0
28408,0
28409,0
28410,0
28411,0
28412,0
28413,0
28414,0
28415,0
28416,0
28417,0
28418,0
28419,1
28420,1
28421,1
28422,0
28423,0
28424,0
28425,0
28426,0
28427,0
28428,0
28429,0
28430,0
28431,0
28432,0
28433,0
28434,1
28435,1
28436,1
28437,0
28438,0
28439,0
28440,0
28441,0
28442,0
28443,0
28444,0
28445,0
28446,0
28447,0
28448,0
28449,0
28450,0
28451,0
28452,0
28453,0
28454,0
28455,0
28456,0
28457,0
28458,0
28459,0
28460,0
28461,0
28462,0
28463,0
28464,0
28465,0
28466,0
28467,0
28468,0
28469,0
28470,0
28471,0
28472,0
28473,1
28474,1
28475,1
28476,0
28477,0
28478,0
28479,0
28480,0
28481,0
28482,0
28483,0
28484,0
28485,1
28486,1
28487,1
28488,0
28489,0
28490,0
28491,0
28492,0
28493,0
28494,0
28495,0
28496,0
28497,0
28498,0
28499,0
28500,0
28501,0
28502,0
28503,0
28504,0
28505,0
28506,0
28507,0
28508,0
28509,0
28510,0
28511,0
28512,0
28513,0
28514,0
28515,0
28516,0
28517,0
28518,0
28519,0
28520,0
28521,0
28522,0
28523,0
28524,0
28525,0
28526,0
28527,0
28528,0
28529,0
28530,0
28531,0
28532,0
28533,0
28534,0
28535,0
28536,0
28537,0
28538,0
28539,0
28540,0
28541,0
28542,0
28543,0
28544,0
28545,0
28546,0
28547,0
28548,0
28549,0
28550,0
28551,0
28552,0
28553,0
28554,0
28555,0
28556,0
28557,0
28558,0
28559,0
28560,0
28561,0
28562,0
28563,0
28564,0
28565,0
28566,0
28567,0
28568,0
28569,0
28570,0
28571,0
28572,0
28573,0
28574,0
28575,0
28576,0
28577,0
28578,0
28579,0
28580,0
28581,0
28582,0
28583,0
28584,0
28585,0
28586,0
28587,0
28588,0
28589,0
28590,0
28591,0
28592,0
28593,1
28594,1
28595,1
28596,0
28597,0
28598,0
28599,0
28600,0
28601,0
28602,0
28603,0
28604,0
28605,0
28606,0
28607,0
28608,0
28609,0
28610,0
28611,0
28612,0
28613,0
28614,0
28615,0
28616,0
28617,0
28618,0
28619,0
28620,0
28621,0
28622,0
28623,0
28624,0
28625,0
28626,0
28627,0
28628,0
28629,0
28630,0
28631,0
28632,0
28633,0
28634,0
28635,0
28636,0
28637,0
28638,0
28639,0
28640,0
28641,0
28642,0
28643,0
28644,0
28645,0
28646,0
28647,0
28648,0
28649,0
28650,0
28651,0
28652,0
28653,0
28654,0
28655,0
28656,0
28657,0
28658,0
28659,0
28660,0
28661,0
28662,0
28663,0
28664,0
28665,0
28666,0
28667,0
28668,0
28669,0
28670,0
28671,0
28672,0
28673,0
28674,0
28675,0
28676,0
28677,0
28678,0
28679,0
28680,0
28681,0
28682,0
28683,0
28684,0
28685,0
28686,0
28687,0
28688,0
28689,0
28690,0
28691,0
28692,0
28693,0
28694,0
28695,0
28696,0
28697,1
28698,0
28699,0
28700,0
28701,0
28702,0
28703,0
28704,0
28705,0
28706,0
28707,0
28708,0
28709,0
28710,0
28711,0
28712,0
28713,0
28714,0
28715,0
28716,0
28717,0
28718,0
28719,0
28720,0
28721,0
28722,0
28723,0
28724,0
28725,0
28726,0
28727,0
28728,0
28729,0
28730,0
28731,0
28732,0
28733,0
28734,1
28735,0
28736,0
28737,0
28738,0
28739,0
28740,0
28741,0
28742,0
28743,0
28744,0
28745,0
28746,0
28747,0
28748,0
28749,0
28750,0
28751,0
28752,0
28753,0
28754,0
28755,0
28756,0
28757,0
28758,0
28759,0
28760,0
28761,0
28762,0
28763,0
28764,0
28765,0
28766,0
28767,0
28768,0
28769,0
28770,0
28771,0
28772,0
28773,0
28774,0
28775,0
28776,1
28777,1
28778,1
28779,0
28780,0
28781,0
28782,0
28783,0
28784,0
28785,1
28786,1
28787,1
28788,1
28789,0
28790,0
28791,0
28792,0
28793,0
28794,0
28795,0
28796,0
28797,0
28798,0
28799,0
28800,0
28801,0
28802,0
28803,0
28804,0
28805,0
28806,0
28807,0
28808,0
28809,0
28810,0
28811,0
28812,0
28813,0
28814,0
28815,0
28816,0
28817,0
28818,0
28819,0
28820,0
28821,0
28822,0
28823,0
28824,0
28825,0
28826,0
28827,1
28828,1
28829,1
28830,0
28831,0
28832,0
28833,0
28834,0
28835,0
28836,0
28837,0
28838,0
28839,0
28840,0
28841,0
28842,0
28843,0
28844,0
28845,0
28846,0
28847,0
28848,0
28849,0
28850,0
28851,0
28852,0
28853,0
28854,0
28855,0
28856,0
28857,0
28858,0
28859,0
28860,0
28861,0
28862,0
28863,0
28864,0
28865,0
28866,0
28867,0
28868,0
28869,0
28870,0
28871,0
28872,0
28873,0
28874,0
28875,0
28876,0
28877,0
28878,0
28879,0
28880,0
28881,0
28882,0
28883,0
28884,0
28885,0
28886,0
28887,0
28888,0
28889,0
28890,0
28891,0
28892,0
28893,0
28894,0
28895,0
28896,0
28897,0
28898,0
28899,0
28900,0
28901,0
28902,0
28903,0
28904,0
28905,0
28906,0
28907,0
28908,0
28909,0
28910,0
28911,0
28912,0
28913,0
28914,0
28915,0
28916,0
28917,0
28918,1
28919,0
28920,0
28921,0
28922,0
28923,0
28924,0
28925,0
28926,0
28927,0
28928,0
28929,1
28930,1
28931,1
28932,0
28933,0
28934,0
28935,0
28936,0
28937,0
28938,0
28939,0
28940,0
28941,0
28942,0
28943,0
28944,0
28945,0
28946,0
28947,0
28948,0
28949,0
28950,0
28951,0
28952,0
28953,0
28954,0
28955,0
28956,0
28957,0
28958,0
28959,0
28960,0
28961,0
28962,0
28963,0
28964,0
28965,0
28966,0
28967,0
28968,1
28969,0
28970,0
28971,0
28972,0
28973,0
28974,0
28975,0
28976,0
28977,0
28978,0
28979,0
28980,0
28981,0
28982,0
28983,0
28984,0
28985,0
28986,0
28987,0
28988,0
28989,0
28990,0
28991,0
28992,0
28993,1
28994,0
28995,0
28996,0
28997,0
28998,0
28999,0
29000,0
29001,1
29002,1
29003,1
29004,0
29005,0
29006,0
29007,0
29008,0
29009,0
29010,0
29011,0
29012,0
29013,1
29014,1
29015,1
29016,0
29017,0
29018,0
29019,0
29020,0
29021,0
29022,0
29023,0
29024,0
29025,0
29026,0
29027,0
29028,0
29029,0
29030,0
29031,1
29032,1
29033,1
29034,0
29035,0
29036,0
29037,0
29038,0
29039,0
29040,0
29041,0
29042,0
29043,0
29044,0
29045,0
29046,0
29047,0
29048,0
